3M ZnCl2 in water, 3mm OD, 0.01mm thick quartz capillary
XES Long scans
35kV and 2.8mA
kbeta and vtc
***************************
Energy_(eV)	theta_(deg)	source_(ustep)	detect_(ustep)	ROI_counts	total_counts	real_time	live_time	cnts_per_live	ICR_(cnts/sec)	OCR_(cnts/sec)
9.55000000E+3	8.38082055E+1	-1.30004000E+5	-1.07248000E+5	8.40000000E+1	2.04000000E+2	4.04900000E+0	4.05000000E+0	2.07407407E+1	4.12447518E+1	5.03828106E+1
9.55025000E+3	8.37949558E+1	-1.31163000E+5	-1.08409000E+5	9.10000000E+1	2.21000000E+2	4.05100000E+0	4.05100000E+0	2.24635892E+1	4.46803258E+1	5.45544310E+1
9.55050000E+3	8.37817338E+1	-1.32318000E+5	-1.09567000E+5	8.70000000E+1	2.16000000E+2	4.04900000E+0	4.05000000E+0	2.14814815E+1	4.32205483E+1	5.33465053E+1
9.55075000E+3	8.37685393E+1	-1.33472000E+5	-1.10723000E+5	8.50000000E+1	2.02000000E+2	4.05000000E+0	4.05000000E+0	2.09876543E+1	4.07407407E+1	4.98765432E+1
9.55100000E+3	8.37553722E+1	-1.34623000E+5	-1.11876000E+5	9.00000000E+1	2.39000000E+2	4.05000000E+0	4.05000000E+0	2.22222222E+1	4.59259259E+1	5.90123457E+1
9.55125000E+3	8.37422322E+1	-1.35771000E+5	-1.13026000E+5	8.80000000E+1	2.19000000E+2	4.05000000E+0	4.05000000E+0	2.17283951E+1	4.27160494E+1	5.40740741E+1
9.55150000E+3	8.37291192E+1	-1.36917000E+5	-1.14175000E+5	9.60000000E+1	2.17000000E+2	4.05100000E+0	4.05200000E+0	2.36920039E+1	4.24586522E+1	5.35670205E+1
9.55175000E+3	8.37160331E+1	-1.38060000E+5	-1.15320000E+5	8.80000000E+1	2.15000000E+2	4.05000000E+0	4.05100000E+0	2.17230314E+1	4.19753086E+1	5.30864198E+1
9.55200000E+3	8.37029737E+1	-1.39201000E+5	-1.16464000E+5	9.60000000E+1	2.09000000E+2	4.05100000E+0	4.05100000E+0	2.36978524E+1	4.22117996E+1	5.15921995E+1
9.55225000E+3	8.36899407E+1	-1.40340000E+5	-1.17605000E+5	8.80000000E+1	2.21000000E+2	4.05000000E+0	4.05000000E+0	2.17283951E+1	4.07407407E+1	5.45679012E+1
9.55250000E+3	8.36769342E+1	-1.41476000E+5	-1.18743000E+5	7.80000000E+1	1.94000000E+2	4.05000000E+0	4.05000000E+0	1.92592593E+1	3.72839506E+1	4.79012346E+1
9.55275000E+3	8.36639539E+1	-1.42609000E+5	-1.19879000E+5	9.70000000E+1	2.15000000E+2	4.04900000E+0	4.05000000E+0	2.39506173E+1	4.29735737E+1	5.30995307E+1
9.55300000E+3	8.36509996E+1	-1.43741000E+5	-1.21013000E+5	8.30000000E+1	1.96000000E+2	4.05000000E+0	4.05100000E+0	2.04887682E+1	3.77777778E+1	4.83950617E+1
9.55325000E+3	8.36380712E+1	-1.44869000E+5	-1.22144000E+5	9.10000000E+1	1.87000000E+2	4.05000000E+0	4.05100000E+0	2.24635892E+1	3.62962963E+1	4.61728395E+1
9.55350000E+3	8.36251686E+1	-1.45996000E+5	-1.23273000E+5	1.03000000E+2	2.12000000E+2	4.05000000E+0	4.05000000E+0	2.54320988E+1	4.24691358E+1	5.23456790E+1
9.55375000E+3	8.36122916E+1	-1.47120000E+5	-1.24399000E+5	1.02000000E+2	2.16000000E+2	4.04800000E+0	4.04900000E+0	2.51914053E+1	4.27371542E+1	5.33596838E+1
9.55400000E+3	8.35994401E+1	-1.48242000E+5	-1.25524000E+5	8.60000000E+1	1.92000000E+2	4.04900000E+0	4.05000000E+0	2.12345679E+1	3.67992097E+1	4.74191158E+1
9.55425000E+3	8.35866138E+1	-1.49361000E+5	-1.26645000E+5	9.90000000E+1	2.16000000E+2	4.05100000E+0	4.05100000E+0	2.44384103E+1	4.34460627E+1	5.33201679E+1
9.55450000E+3	8.35738128E+1	-1.50479000E+5	-1.27765000E+5	1.01000000E+2	2.32000000E+2	4.04900000E+0	4.05000000E+0	2.49382716E+1	4.71721413E+1	5.72980983E+1
9.55475000E+3	8.35610367E+1	-1.51594000E+5	-1.28882000E+5	1.06000000E+2	2.09000000E+2	4.05000000E+0	4.05000000E+0	2.61728395E+1	4.14814815E+1	5.16049383E+1
9.55500000E+3	8.35482855E+1	-1.52706000E+5	-1.29997000E+5	1.16000000E+2	2.34000000E+2	4.05000000E+0	4.05000000E+0	2.86419753E+1	4.74074074E+1	5.77777778E+1
9.55525000E+3	8.35355591E+1	-1.53816000E+5	-1.31110000E+5	1.01000000E+2	2.25000000E+2	4.04900000E+0	4.05000000E+0	2.49382716E+1	4.32205483E+1	5.55692764E+1
9.55550000E+3	8.35228572E+1	-1.54924000E+5	-1.32220000E+5	9.60000000E+1	2.22000000E+2	4.05000000E+0	4.05000000E+0	2.37037037E+1	3.92592593E+1	5.48148148E+1
9.55575000E+3	8.35101798E+1	-1.56030000E+5	-1.33328000E+5	1.25000000E+2	2.71000000E+2	4.05000000E+0	4.05000000E+0	3.08641975E+1	5.16049383E+1	6.69135802E+1
9.55600000E+3	8.34975267E+1	-1.57134000E+5	-1.34434000E+5	1.05000000E+2	2.40000000E+2	4.04900000E+0	4.04900000E+0	2.59323290E+1	5.01358360E+1	5.92738948E+1
9.55625000E+3	8.34848978E+1	-1.58235000E+5	-1.35538000E+5	1.11000000E+2	2.19000000E+2	4.04900000E+0	4.05000000E+0	2.74074074E+1	4.19856755E+1	5.40874290E+1
9.55650000E+3	8.34722930E+1	-1.59334000E+5	-1.36639000E+5	1.23000000E+2	2.55000000E+2	4.04900000E+0	4.04900000E+0	3.03778711E+1	5.28525562E+1	6.29785132E+1
9.55675000E+3	8.34597120E+1	-1.60431000E+5	-1.37739000E+5	1.23000000E+2	2.40000000E+2	4.05000000E+0	4.05000000E+0	3.03703704E+1	4.83950617E+1	5.92592593E+1
9.55700000E+3	8.34471549E+1	-1.61526000E+5	-1.38836000E+5	1.08000000E+2	2.29000000E+2	4.04900000E+0	4.04900000E+0	2.66732527E+1	4.44554211E+1	5.65571746E+1
9.55725000E+3	8.34346214E+1	-1.62618000E+5	-1.39931000E+5	1.22000000E+2	2.27000000E+2	4.05000000E+0	4.05000000E+0	3.01234568E+1	4.66666667E+1	5.60493827E+1
9.55750000E+3	8.34221114E+1	-1.63709000E+5	-1.41023000E+5	1.12000000E+2	2.28000000E+2	4.05000000E+0	4.05000000E+0	2.76543210E+1	4.56790123E+1	5.62962963E+1
9.55775000E+3	8.34096248E+1	-1.64797000E+5	-1.42114000E+5	1.33000000E+2	2.43000000E+2	4.05000000E+0	4.05100000E+0	3.28313997E+1	5.06172840E+1	6.00000000E+1
9.55800000E+3	8.33971614E+1	-1.65883000E+5	-1.43203000E+5	1.20000000E+2	2.39000000E+2	4.04900000E+0	4.05000000E+0	2.96296296E+1	4.96418869E+1	5.90269202E+1
9.55825000E+3	8.33847212E+1	-1.66967000E+5	-1.44289000E+5	1.34000000E+2	2.35000000E+2	4.05000000E+0	4.05000000E+0	3.30864198E+1	4.79012346E+1	5.80246914E+1
9.55850000E+3	8.33723040E+1	-1.68049000E+5	-1.45373000E+5	1.54000000E+2	2.70000000E+2	4.05000000E+0	4.05000000E+0	3.80246914E+1	5.53086420E+1	6.66666667E+1
9.55875000E+3	8.33599097E+1	-1.69129000E+5	-1.46455000E+5	1.32000000E+2	2.51000000E+2	4.04900000E+0	4.04900000E+0	3.26006421E+1	5.13707088E+1	6.19906150E+1
9.55900000E+3	8.33475382E+1	-1.70206000E+5	-1.47535000E+5	1.37000000E+2	2.69000000E+2	4.05000000E+0	4.05100000E+0	3.38188102E+1	5.35802469E+1	6.64197531E+1
9.55925000E+3	8.33351893E+1	-1.71282000E+5	-1.48613000E+5	1.62000000E+2	2.75000000E+2	4.05000000E+0	4.05000000E+0	4.00000000E+1	5.65432099E+1	6.79012346E+1
9.55950000E+3	8.33228629E+1	-1.72355000E+5	-1.49689000E+5	1.43000000E+2	2.53000000E+2	4.05100000E+0	4.05100000E+0	3.52999259E+1	5.20859047E+1	6.24537151E+1
9.55975000E+3	8.33105589E+1	-1.73427000E+5	-1.50763000E+5	1.63000000E+2	2.90000000E+2	4.05100000E+0	4.05200000E+0	4.02270484E+1	5.99851888E+1	7.15872624E+1
9.56000000E+3	8.32982772E+1	-1.74496000E+5	-1.51834000E+5	1.62000000E+2	2.69000000E+2	4.04900000E+0	4.05000000E+0	4.00000000E+1	5.55692764E+1	6.64361571E+1
9.56025000E+3	8.32860176E+1	-1.75563000E+5	-1.52904000E+5	1.79000000E+2	2.87000000E+2	4.05100000E+0	4.05100000E+0	4.41866206E+1	6.09725994E+1	7.08467045E+1
9.56050000E+3	8.32737801E+1	-1.76629000E+5	-1.53972000E+5	2.00000000E+2	3.10000000E+2	4.05000000E+0	4.05000000E+0	4.93827160E+1	6.76543210E+1	7.65432099E+1
9.56075000E+3	8.32615646E+1	-1.77692000E+5	-1.55037000E+5	2.08000000E+2	3.15000000E+2	4.05000000E+0	4.05000000E+0	5.13580247E+1	6.66666667E+1	7.77777778E+1
9.56100000E+3	8.32493708E+1	-1.78753000E+5	-1.56101000E+5	2.09000000E+2	3.08000000E+2	4.04900000E+0	4.04900000E+0	5.16176834E+1	6.61891825E+1	7.60681650E+1
9.56125000E+3	8.32371988E+1	-1.79812000E+5	-1.57162000E+5	2.22000000E+2	3.42000000E+2	4.04900000E+0	4.05000000E+0	5.48148148E+1	7.18695974E+1	8.44653001E+1
9.56150000E+3	8.32250483E+1	-1.80870000E+5	-1.58222000E+5	2.27000000E+2	3.23000000E+2	4.04900000E+0	4.05000000E+0	5.60493827E+1	6.93998518E+1	7.97727834E+1
9.56175000E+3	8.32129193E+1	-1.81925000E+5	-1.59280000E+5	2.09000000E+2	2.87000000E+2	4.05000000E+0	4.05000000E+0	5.16049383E+1	6.22222222E+1	7.08641975E+1
9.56200000E+3	8.32008117E+1	-1.82978000E+5	-1.60335000E+5	2.21000000E+2	3.26000000E+2	4.04900000E+0	4.05000000E+0	5.45679012E+1	6.93998518E+1	8.05137071E+1
9.56225000E+3	8.31887254E+1	-1.84030000E+5	-1.61389000E+5	2.23000000E+2	3.43000000E+2	4.05000000E+0	4.05000000E+0	5.50617284E+1	7.33333333E+1	8.46913580E+1
9.56250000E+3	8.31766602E+1	-1.85079000E+5	-1.62441000E+5	2.33000000E+2	3.41000000E+2	4.04900000E+0	4.05000000E+0	5.75308642E+1	7.35984194E+1	8.42183255E+1
9.56275000E+3	8.31646160E+1	-1.86126000E+5	-1.63491000E+5	2.71000000E+2	3.94000000E+2	4.04900000E+0	4.05000000E+0	6.69135802E+1	8.44653001E+1	9.73079773E+1
9.56300000E+3	8.31525928E+1	-1.87172000E+5	-1.64538000E+5	2.47000000E+2	3.51000000E+2	4.05100000E+0	4.05100000E+0	6.09725994E+1	7.75117255E+1	8.66452728E+1
9.56325000E+3	8.31405903E+1	-1.88215000E+5	-1.65584000E+5	2.91000000E+2	3.94000000E+2	4.04900000E+0	4.04900000E+0	7.18695974E+1	8.61941220E+1	9.73079773E+1
9.56350000E+3	8.31286087E+1	-1.89257000E+5	-1.66628000E+5	3.07000000E+2	4.01000000E+2	4.05000000E+0	4.05000000E+0	7.58024691E+1	8.86419753E+1	9.90123457E+1
9.56375000E+3	8.31166476E+1	-1.90297000E+5	-1.67671000E+5	3.51000000E+2	4.47000000E+2	4.04800000E+0	4.04900000E+0	8.66880711E+1	9.90612648E+1	1.10424901E+2
9.56400000E+3	8.31047071E+1	-1.91335000E+5	-1.68711000E+5	3.15000000E+2	4.25000000E+2	4.05000000E+0	4.05000000E+0	7.77777778E+1	9.50617284E+1	1.04938272E+2
9.56425000E+3	8.30927869E+1	-1.92371000E+5	-1.69749000E+5	3.56000000E+2	4.55000000E+2	4.05000000E+0	4.05000000E+0	8.79012346E+1	1.02716049E+2	1.12345679E+2
9.56450000E+3	8.30808871E+1	-1.93405000E+5	-1.70786000E+5	3.81000000E+2	5.00000000E+2	4.05000000E+0	4.05000000E+0	9.40740741E+1	1.09629630E+2	1.23456790E+2
9.56475000E+3	8.30690075E+1	-1.94437000E+5	-1.71820000E+5	3.93000000E+2	5.01000000E+2	4.05000000E+0	4.05100000E+0	9.70130832E+1	1.14320988E+2	1.23703704E+2
9.56500000E+3	8.30571480E+1	-1.95468000E+5	-1.72853000E+5	4.57000000E+2	5.57000000E+2	4.04800000E+0	4.04900000E+0	1.12867375E+2	1.25000000E+2	1.37598814E+2
9.56525000E+3	8.30453085E+1	-1.96496000E+5	-1.73884000E+5	4.58000000E+2	5.65000000E+2	4.04900000E+0	4.04900000E+0	1.13114349E+2	1.29167696E+2	1.39540627E+2
9.56550000E+3	8.30334889E+1	-1.97523000E+5	-1.74913000E+5	4.76000000E+2	6.04000000E+2	4.05000000E+0	4.05000000E+0	1.17530864E+2	1.34074074E+2	1.49135802E+2
9.56575000E+3	8.30216891E+1	-1.98548000E+5	-1.75940000E+5	5.17000000E+2	6.13000000E+2	4.04900000E+0	4.04900000E+0	1.27685848E+2	1.42504322E+2	1.51395406E+2
9.56600000E+3	8.30099091E+1	-1.99571000E+5	-1.76966000E+5	5.72000000E+2	6.71000000E+2	4.04900000E+0	4.04900000E+0	1.41269449E+2	1.53371203E+2	1.65719931E+2
9.56625000E+3	8.29981486E+1	-2.00592000E+5	-1.77989000E+5	6.00000000E+2	6.96000000E+2	4.05000000E+0	4.05000000E+0	1.48148148E+2	1.60987654E+2	1.71851852E+2
9.56650000E+3	8.29864077E+1	-2.01611000E+5	-1.79011000E+5	5.23000000E+2	6.19000000E+2	4.04900000E+0	4.05000000E+0	1.29135802E+2	1.42998271E+2	1.52877254E+2
9.56675000E+3	8.29746863E+1	-2.02629000E+5	-1.80031000E+5	5.80000000E+2	6.80000000E+2	4.05000000E+0	4.05000000E+0	1.43209877E+2	1.57283951E+2	1.67901235E+2
9.56700000E+3	8.29629841E+1	-2.03645000E+5	-1.81049000E+5	6.74000000E+2	7.79000000E+2	4.05000000E+0	4.05000000E+0	1.66419753E+2	1.78765432E+2	1.92345679E+2
9.56725000E+3	8.29513012E+1	-2.04659000E+5	-1.82066000E+5	6.87000000E+2	7.94000000E+2	4.05100000E+0	4.05100000E+0	1.69587756E+2	1.83164651E+2	1.96000987E+2
9.56750000E+3	8.29396375E+1	-2.05671000E+5	-1.83080000E+5	6.74000000E+2	7.81000000E+2	4.05100000E+0	4.05100000E+0	1.66378672E+2	1.78968156E+2	1.92791903E+2
9.56775000E+3	8.29279928E+1	-2.06682000E+5	-1.84093000E+5	8.10000000E+2	9.10000000E+2	4.05000000E+0	4.05000000E+0	2.00000000E+2	2.13086420E+2	2.24691358E+2
9.56800000E+3	8.29163671E+1	-2.07691000E+5	-1.85104000E+5	8.00000000E+2	9.21000000E+2	4.04900000E+0	4.04900000E+0	1.97579649E+2	2.14373919E+2	2.27463571E+2
9.56825000E+3	8.29047603E+1	-2.08698000E+5	-1.86114000E+5	8.17000000E+2	9.29000000E+2	4.04900000E+0	4.04900000E+0	2.01778217E+2	2.15361818E+2	2.29439368E+2
9.56850000E+3	8.28931723E+1	-2.09703000E+5	-1.87121000E+5	9.05000000E+2	1.02200000E+3	4.05000000E+0	4.04900000E+0	2.23511978E+2	2.39753086E+2	2.52345679E+2
9.56875000E+3	8.28816029E+1	-2.10707000E+5	-1.88127000E+5	8.85000000E+2	9.84000000E+2	4.04900000E+0	4.04900000E+0	2.18572487E+2	2.30180291E+2	2.43022969E+2
9.56900000E+3	8.28700522E+1	-2.11709000E+5	-1.89132000E+5	9.66000000E+2	1.06500000E+3	4.04900000E+0	4.04900000E+0	2.38577427E+2	2.53642875E+2	2.63027908E+2
9.56925000E+3	8.28585201E+1	-2.12709000E+5	-1.90134000E+5	1.01200000E+3	1.10600000E+3	4.05000000E+0	4.04900000E+0	2.49938256E+2	2.62716049E+2	2.73086420E+2
9.56950000E+3	8.28470063E+1	-2.13707000E+5	-1.91135000E+5	1.09000000E+3	1.19300000E+3	4.05100000E+0	4.05100000E+0	2.69069366E+2	2.82646260E+2	2.94495186E+2
9.56975000E+3	8.28355109E+1	-2.14704000E+5	-1.92134000E+5	1.18100000E+3	1.29100000E+3	4.04900000E+0	4.04800000E+0	2.91749012E+2	3.09212151E+2	3.18844159E+2
9.57000000E+3	8.28240338E+1	-2.15699000E+5	-1.93131000E+5	1.33700000E+3	1.45900000E+3	4.05000000E+0	4.04900000E+0	3.30204989E+2	3.45925926E+2	3.60246914E+2
9.57025000E+3	8.28125749E+1	-2.16692000E+5	-1.94127000E+5	1.47300000E+3	1.58000000E+3	4.05000000E+0	4.05000000E+0	3.63703704E+2	3.78024691E+2	3.90123457E+2
9.57050000E+3	8.28011341E+1	-2.17684000E+5	-1.95121000E+5	1.55900000E+3	1.65100000E+3	4.05000000E+0	4.04900000E+0	3.85033342E+2	3.98271605E+2	4.07654321E+2
9.57075000E+3	8.27897112E+1	-2.18674000E+5	-1.96114000E+5	1.67100000E+3	1.77500000E+3	4.04900000E+0	4.04800000E+0	4.12796443E+2	4.28747839E+2	4.38379847E+2
9.57100000E+3	8.27783064E+1	-2.19662000E+5	-1.97104000E+5	1.93600000E+3	2.03300000E+3	4.05000000E+0	4.04900000E+0	4.78142751E+2	4.90864198E+2	5.01975309E+2
9.57125000E+3	8.27669194E+1	-2.20649000E+5	-1.98093000E+5	2.12600000E+3	2.23400000E+3	4.05000000E+0	4.04900000E+0	5.25067918E+2	5.40000000E+2	5.51604938E+2
9.57150000E+3	8.27555501E+1	-2.21634000E+5	-1.99081000E+5	2.34400000E+3	2.45800000E+3	4.05000000E+0	4.04900000E+0	5.78908372E+2	5.95061728E+2	6.06913580E+2
9.57175000E+3	8.27441986E+1	-2.22618000E+5	-2.00067000E+5	2.55000000E+3	2.66900000E+3	4.04800000E+0	4.04700000E+0	6.30096368E+2	6.48962451E+2	6.59337945E+2
9.57200000E+3	8.27328646E+1	-2.23599000E+5	-2.01051000E+5	2.82000000E+3	2.94000000E+3	4.05000000E+0	4.04800000E+0	6.96640316E+2	7.14074074E+2	7.25925926E+2
9.57225000E+3	8.27215482E+1	-2.24580000E+5	-2.02033000E+5	3.09900000E+3	3.23200000E+3	4.05000000E+0	4.04800000E+0	7.65563241E+2	7.86172840E+2	7.98024691E+2
9.57250000E+3	8.27102493E+1	-2.25558000E+5	-2.03014000E+5	3.27900000E+3	3.38200000E+3	4.05000000E+0	4.04800000E+0	8.10029644E+2	8.25185185E+2	8.35061728E+2
9.57275000E+3	8.26989677E+1	-2.26535000E+5	-2.03994000E+5	3.51900000E+3	3.63000000E+3	4.05200000E+0	4.05000000E+0	8.68888889E+2	8.85982231E+2	8.95853899E+2
9.57300000E+3	8.26877034E+1	-2.27511000E+5	-2.04971000E+5	3.75600000E+3	3.87000000E+3	4.05100000E+0	4.04800000E+0	9.27865613E+2	9.46186127E+2	9.55319674E+2
9.57325000E+3	8.26764564E+1	-2.28484000E+5	-2.05947000E+5	3.91500000E+3	4.03000000E+3	4.04900000E+0	4.04700000E+0	9.67383247E+2	9.81229933E+2	9.95307483E+2
9.57350000E+3	8.26652265E+1	-2.29456000E+5	-2.06922000E+5	4.20900000E+3	4.33300000E+3	4.05000000E+0	4.04800000E+0	1.03977273E+3	1.05728395E+3	1.06987654E+3
9.57375000E+3	8.26540136E+1	-2.30427000E+5	-2.07895000E+5	4.29000000E+3	4.41100000E+3	4.05000000E+0	4.04700000E+0	1.06004448E+3	1.07456790E+3	1.08913580E+3
9.57400000E+3	8.26428178E+1	-2.31396000E+5	-2.08866000E+5	4.37700000E+3	4.50300000E+3	4.04900000E+0	4.04600000E+0	1.08180919E+3	1.10249444E+3	1.11212645E+3
9.57425000E+3	8.26316388E+1	-2.32364000E+5	-2.09836000E+5	4.45000000E+3	4.58800000E+3	4.05000000E+0	4.04800000E+0	1.09930830E+3	1.12074074E+3	1.13283951E+3
9.57450000E+3	8.26204768E+1	-2.33329000E+5	-2.10804000E+5	4.75700000E+3	4.88800000E+3	4.05000000E+0	4.04700000E+0	1.17543860E+3	1.19604938E+3	1.20691358E+3
9.57475000E+3	8.26093314E+1	-2.34294000E+5	-2.11771000E+5	4.93900000E+3	5.08100000E+3	4.04900000E+0	4.04600000E+0	1.22071181E+3	1.23857743E+3	1.25487775E+3
9.57500000E+3	8.25982028E+1	-2.35257000E+5	-2.12736000E+5	5.11500000E+3	5.23900000E+3	4.05000000E+0	4.04600000E+0	1.26421157E+3	1.28370370E+3	1.29358025E+3
9.57525000E+3	8.25870908E+1	-2.36218000E+5	-2.13700000E+5	5.24400000E+3	5.38400000E+3	4.05100000E+0	4.04700000E+0	1.29577465E+3	1.31720563E+3	1.32905455E+3
9.57550000E+3	8.25759954E+1	-2.37178000E+5	-2.14662000E+5	5.46000000E+3	5.58800000E+3	4.04900000E+0	4.04600000E+0	1.34948097E+3	1.37046184E+3	1.38009385E+3
9.57575000E+3	8.25649164E+1	-2.38136000E+5	-2.15622000E+5	5.60300000E+3	5.74500000E+3	4.05100000E+0	4.04700000E+0	1.38448233E+3	1.40582572E+3	1.41816835E+3
9.57600000E+3	8.25538539E+1	-2.39092000E+5	-2.16581000E+5	5.57500000E+3	5.72000000E+3	4.04900000E+0	4.04600000E+0	1.37790410E+3	1.39960484E+3	1.41269449E+3
9.57625000E+3	8.25428077E+1	-2.40048000E+5	-2.17539000E+5	5.58000000E+3	5.70300000E+3	4.05000000E+0	4.04700000E+0	1.37879911E+3	1.40074074E+3	1.40814815E+3
9.57650000E+3	8.25317777E+1	-2.41001000E+5	-2.18495000E+5	5.36900000E+3	5.49800000E+3	4.04900000E+0	4.04600000E+0	1.32698962E+3	1.34699926E+3	1.35786614E+3
9.57675000E+3	8.25207640E+1	-2.41953000E+5	-2.19449000E+5	5.10800000E+3	5.24300000E+3	4.04900000E+0	4.04600000E+0	1.26248146E+3	1.28352680E+3	1.29488763E+3
9.57700000E+3	8.25097663E+1	-2.42904000E+5	-2.20402000E+5	4.78400000E+3	4.92100000E+3	4.04900000E+0	4.04700000E+0	1.18211021E+3	1.20474191E+3	1.21536182E+3
9.57725000E+3	8.24987848E+1	-2.43853000E+5	-2.21354000E+5	4.47600000E+3	4.59200000E+3	4.04900000E+0	4.04700000E+0	1.10600445E+3	1.12521610E+3	1.13410719E+3
9.57750000E+3	8.24878192E+1	-2.44801000E+5	-2.22304000E+5	4.16100000E+3	4.27600000E+3	4.05000000E+0	4.04700000E+0	1.02816901E+3	1.04716049E+3	1.05580247E+3
9.57775000E+3	8.24768696E+1	-2.45747000E+5	-2.23253000E+5	3.69100000E+3	3.80500000E+3	4.04900000E+0	4.04700000E+0	9.12033605E+2	9.27636453E+2	9.39738207E+2
9.57800000E+3	8.24659358E+1	-2.46692000E+5	-2.24200000E+5	3.31600000E+3	3.43000000E+3	4.05100000E+0	4.04900000E+0	8.18967646E+2	8.38064675E+2	8.46704517E+2
9.57825000E+3	8.24550178E+1	-2.47635000E+5	-2.25145000E+5	2.99600000E+3	3.11700000E+3	4.04900000E+0	4.04700000E+0	7.40301458E+2	7.56483082E+2	7.69819709E+2
9.57850000E+3	8.24441156E+1	-2.48577000E+5	-2.26089000E+5	2.75500000E+3	2.87300000E+3	4.04900000E+0	4.04800000E+0	6.80583004E+2	6.97950111E+2	7.09557916E+2
9.57875000E+3	8.24332290E+1	-2.49517000E+5	-2.27032000E+5	2.57300000E+3	2.68300000E+3	4.05000000E+0	4.04900000E+0	6.35465547E+2	6.50370370E+2	6.62469136E+2
9.57900000E+3	8.24223580E+1	-2.50456000E+5	-2.27973000E+5	2.41800000E+3	2.52800000E+3	4.04900000E+0	4.04800000E+0	5.97332016E+2	6.09286244E+2	6.24351692E+2
9.57925000E+3	8.24115025E+1	-2.51394000E+5	-2.28913000E+5	2.20600000E+3	2.29100000E+3	4.05000000E+0	4.04900000E+0	5.44825883E+2	5.54074074E+2	5.65679012E+2
9.57950000E+3	8.24006625E+1	-2.52330000E+5	-2.29852000E+5	2.03000000E+3	2.13100000E+3	4.04900000E+0	4.04800000E+0	5.01482213E+2	5.15188936E+2	5.26302791E+2
9.57975000E+3	8.23898379E+1	-2.53264000E+5	-2.30788000E+5	1.84300000E+3	1.94200000E+3	4.05000000E+0	4.04900000E+0	4.55174117E+2	4.66666667E+2	4.79506173E+2
9.58000000E+3	8.23790286E+1	-2.54197000E+5	-2.31724000E+5	1.78800000E+3	1.89300000E+3	4.04900000E+0	4.04800000E+0	4.41699605E+2	4.55421092E+2	4.67522845E+2
9.58025000E+3	8.23682346E+1	-2.55129000E+5	-2.32658000E+5	1.68900000E+3	1.78400000E+3	4.05000000E+0	4.04900000E+0	4.17140035E+2	4.30370370E+2	4.40493827E+2
9.58050000E+3	8.23574558E+1	-2.56059000E+5	-2.33591000E+5	1.65100000E+3	1.74700000E+3	4.04900000E+0	4.04800000E+0	4.07855731E+2	4.20350704E+2	4.31464559E+2
9.58075000E+3	8.23466922E+1	-2.56988000E+5	-2.34522000E+5	1.55400000E+3	1.64200000E+3	4.04800000E+0	4.04800000E+0	3.83893281E+2	3.94268775E+2	4.05632411E+2
9.58100000E+3	8.23359437E+1	-2.57916000E+5	-2.35452000E+5	1.46000000E+3	1.56100000E+3	4.05000000E+0	4.04900000E+0	3.60582860E+2	3.76543210E+2	3.85432099E+2
9.58125000E+3	8.23252101E+1	-2.58842000E+5	-2.36381000E+5	1.35100000E+3	1.43800000E+3	4.05000000E+0	4.04900000E+0	3.33662633E+2	3.45432099E+2	3.55061728E+2
9.58150000E+3	8.23144916E+1	-2.59767000E+5	-2.37308000E+5	1.29600000E+3	1.38200000E+3	4.04900000E+0	4.04800000E+0	3.20158103E+2	3.30698938E+2	3.41318844E+2
9.58175000E+3	8.23037880E+1	-2.60690000E+5	-2.38233000E+5	1.16700000E+3	1.24500000E+3	4.05000000E+0	4.05000000E+0	2.88148148E+2	2.98271605E+2	3.07407407E+2
9.58200000E+3	8.22930992E+1	-2.61612000E+5	-2.39158000E+5	1.13900000E+3	1.22700000E+3	4.04900000E+0	4.04900000E+0	2.81304026E+2	2.92417881E+2	3.03037787E+2
9.58225000E+3	8.22824251E+1	-2.62533000E+5	-2.40081000E+5	9.59000000E+2	1.05700000E+3	4.04900000E+0	4.04900000E+0	2.36848605E+2	2.49691282E+2	2.61052112E+2
9.58250000E+3	8.22717659E+1	-2.63452000E+5	-2.41002000E+5	9.37000000E+2	1.03200000E+3	4.05100000E+0	4.05000000E+0	2.31358025E+2	2.42162429E+2	2.54751913E+2
9.58275000E+3	8.22611212E+1	-2.64370000E+5	-2.41922000E+5	8.56000000E+2	9.54000000E+2	4.04900000E+0	4.04800000E+0	2.11462451E+2	2.23758953E+2	2.35613732E+2
9.58300000E+3	8.22504912E+1	-2.65287000E+5	-2.42841000E+5	7.90000000E+2	8.83000000E+2	4.05000000E+0	4.05000000E+0	1.95061728E+2	2.06666667E+2	2.18024691E+2
9.58325000E+3	8.22398758E+1	-2.66202000E+5	-2.43759000E+5	7.82000000E+2	8.72000000E+2	4.05000000E+0	4.05000000E+0	1.93086420E+2	2.04197531E+2	2.15308642E+2
9.58350000E+3	8.22292748E+1	-2.67116000E+5	-2.44675000E+5	7.29000000E+2	8.01000000E+2	4.04900000E+0	4.04900000E+0	1.80044455E+2	1.87700667E+2	1.97826624E+2
9.58375000E+3	8.22186883E+1	-2.68028000E+5	-2.45590000E+5	6.90000000E+2	7.65000000E+2	4.05000000E+0	4.05000000E+0	1.70370370E+2	1.80000000E+2	1.88888889E+2
9.58400000E+3	8.22081161E+1	-2.68939000E+5	-2.46503000E+5	6.32000000E+2	7.21000000E+2	4.04900000E+0	4.04900000E+0	1.56087923E+2	1.68930600E+2	1.78068659E+2
9.58425000E+3	8.21975583E+1	-2.69849000E+5	-2.47416000E+5	5.69000000E+2	6.52000000E+2	4.04900000E+0	4.04900000E+0	1.40528526E+2	1.51148432E+2	1.61027414E+2
9.58450000E+3	8.21870147E+1	-2.70757000E+5	-2.48326000E+5	6.07000000E+2	6.92000000E+2	4.05000000E+0	4.05000000E+0	1.49876543E+2	1.59012346E+2	1.70864198E+2
9.58475000E+3	8.21764854E+1	-2.71665000E+5	-2.49236000E+5	5.21000000E+2	6.05000000E+2	4.04900000E+0	4.04900000E+0	1.28673747E+2	1.37317856E+2	1.49419610E+2
9.58500000E+3	8.21659702E+1	-2.72571000E+5	-2.50144000E+5	4.89000000E+2	5.52000000E+2	4.04900000E+0	4.05000000E+0	1.20740741E+2	1.29661645E+2	1.36329958E+2
9.58525000E+3	8.21554691E+1	-2.73475000E+5	-2.51051000E+5	4.23000000E+2	4.99000000E+2	4.04900000E+0	4.04900000E+0	1.04470240E+2	1.14843171E+2	1.23240306E+2
9.58550000E+3	8.21449820E+1	-2.74378000E+5	-2.51957000E+5	4.53000000E+2	5.39000000E+2	4.04900000E+0	4.04900000E+0	1.11879476E+2	1.22252408E+2	1.33119289E+2
9.58575000E+3	8.21345090E+1	-2.75280000E+5	-2.52861000E+5	4.38000000E+2	5.17000000E+2	4.04900000E+0	4.04900000E+0	1.08174858E+2	1.16325019E+2	1.27685848E+2
9.58600000E+3	8.21240498E+1	-2.76181000E+5	-2.53764000E+5	3.80000000E+2	4.60000000E+2	4.05000000E+0	4.05000000E+0	9.38271605E+1	1.02716049E+2	1.13580247E+2
9.58625000E+3	8.21136046E+1	-2.77080000E+5	-2.54666000E+5	3.76000000E+2	4.55000000E+2	4.05000000E+0	4.05000000E+0	9.28395062E+1	9.97530864E+1	1.12345679E+2
9.58650000E+3	8.21031732E+1	-2.77978000E+5	-2.55566000E+5	3.60000000E+2	4.45000000E+2	4.05000000E+0	4.05000000E+0	8.88888889E+1	9.85185185E+1	1.09876543E+2
9.58675000E+3	8.20927555E+1	-2.78875000E+5	-2.56465000E+5	3.30000000E+2	4.26000000E+2	4.05100000E+0	4.05100000E+0	8.14613676E+1	9.30634411E+1	1.05159220E+2
9.58700000E+3	8.20823516E+1	-2.79771000E+5	-2.57363000E+5	2.84000000E+2	3.64000000E+2	4.05000000E+0	4.05000000E+0	7.01234568E+1	7.95061728E+1	8.98765432E+1
9.58725000E+3	8.20719614E+1	-2.80665000E+5	-2.58260000E+5	2.49000000E+2	3.31000000E+2	4.05000000E+0	4.05100000E+0	6.14663046E+1	7.23456790E+1	8.17283951E+1
9.58750000E+3	8.20615847E+1	-2.81558000E+5	-2.59155000E+5	2.91000000E+2	3.68000000E+2	4.04900000E+0	4.05000000E+0	7.18518519E+1	8.00197580E+1	9.08866387E+1
9.58775000E+3	8.20512217E+1	-2.82450000E+5	-2.60049000E+5	2.77000000E+2	3.64000000E+2	4.05000000E+0	4.05000000E+0	6.83950617E+1	7.65432099E+1	8.98765432E+1
9.58800000E+3	8.20408721E+1	-2.83340000E+5	-2.60942000E+5	2.50000000E+2	3.26000000E+2	4.05000000E+0	4.05000000E+0	6.17283951E+1	7.11111111E+1	8.04938272E+1
9.58825000E+3	8.20305361E+1	-2.84229000E+5	-2.61833000E+5	2.26000000E+2	2.90000000E+2	4.05000000E+0	4.05000000E+0	5.58024691E+1	6.29629630E+1	7.16049383E+1
9.58850000E+3	8.20202134E+1	-2.85117000E+5	-2.62724000E+5	2.33000000E+2	3.23000000E+2	4.05000000E+0	4.05000000E+0	5.75308642E+1	6.71604938E+1	7.97530864E+1
9.58875000E+3	8.20099041E+1	-2.86004000E+5	-2.63613000E+5	1.94000000E+2	2.80000000E+2	4.05000000E+0	4.05000000E+0	4.79012346E+1	5.97530864E+1	6.91358025E+1
9.58900000E+3	8.19996081E+1	-2.86889000E+5	-2.64500000E+5	2.14000000E+2	2.98000000E+2	4.05100000E+0	4.05100000E+0	5.28264626E+1	6.41816835E+1	7.35620834E+1
9.58925000E+3	8.19893254E+1	-2.87774000E+5	-2.65387000E+5	2.20000000E+2	3.05000000E+2	4.05000000E+0	4.05000000E+0	5.43209877E+1	6.32098765E+1	7.53086420E+1
9.58950000E+3	8.19790559E+1	-2.88657000E+5	-2.66272000E+5	2.08000000E+2	2.82000000E+2	4.05000000E+0	4.05000000E+0	5.13580247E+1	6.04938272E+1	6.96296296E+1
9.58975000E+3	8.19687996E+1	-2.89538000E+5	-2.67156000E+5	1.78000000E+2	2.79000000E+2	4.04900000E+0	4.05000000E+0	4.39506173E+1	5.58162509E+1	6.89059027E+1
9.59000000E+3	8.19585563E+1	-2.90419000E+5	-2.68039000E+5	1.76000000E+2	2.60000000E+2	4.05100000E+0	4.05100000E+0	4.34460627E+1	5.18390521E+1	6.41816835E+1
9.59025000E+3	8.19483262E+1	-2.91298000E+5	-2.68921000E+5	1.56000000E+2	2.29000000E+2	4.05000000E+0	4.05100000E+0	3.85090101E+1	4.69135802E+1	5.65432099E+1
9.59050000E+3	8.19381091E+1	-2.92176000E+5	-2.69802000E+5	1.71000000E+2	2.60000000E+2	4.05000000E+0	4.05000000E+0	4.22222222E+1	5.30864198E+1	6.41975309E+1
9.59075000E+3	8.19279049E+1	-2.93053000E+5	-2.70681000E+5	1.38000000E+2	2.15000000E+2	4.05000000E+0	4.05000000E+0	3.40740741E+1	4.32098765E+1	5.30864198E+1
9.59100000E+3	8.19177137E+1	-2.93929000E+5	-2.71559000E+5	1.39000000E+2	2.31000000E+2	4.04800000E+0	4.04900000E+0	3.43294641E+1	4.24901186E+1	5.70652174E+1
9.59125000E+3	8.19075353E+1	-2.94803000E+5	-2.72436000E+5	1.30000000E+2	2.06000000E+2	4.05100000E+0	4.05100000E+0	3.20908418E+1	4.14712417E+1	5.08516416E+1
9.59150000E+3	8.18973698E+1	-2.95677000E+5	-2.73311000E+5	1.11000000E+2	1.88000000E+2	4.05000000E+0	4.05100000E+0	2.74006418E+1	3.70370370E+1	4.64197531E+1
9.59175000E+3	8.18872170E+1	-2.96549000E+5	-2.74186000E+5	1.27000000E+2	1.99000000E+2	4.04900000E+0	4.05000000E+0	3.13580247E+1	4.05038281E+1	4.91479378E+1
9.59200000E+3	8.18770770E+1	-2.97420000E+5	-2.75059000E+5	1.31000000E+2	2.05000000E+2	4.05000000E+0	4.05000000E+0	3.23456790E+1	4.17283951E+1	5.06172840E+1
9.59225000E+3	8.18669497E+1	-2.98290000E+5	-2.75931000E+5	1.15000000E+2	1.89000000E+2	4.05000000E+0	4.05000000E+0	2.83950617E+1	3.72839506E+1	4.66666667E+1
9.59250000E+3	8.18568350E+1	-2.99158000E+5	-2.76802000E+5	1.14000000E+2	1.86000000E+2	4.05000000E+0	4.05100000E+0	2.81411997E+1	3.70370370E+1	4.59259259E+1
9.59275000E+3	8.18467329E+1	-3.00026000E+5	-2.77672000E+5	9.00000000E+1	1.68000000E+2	4.05000000E+0	4.05100000E+0	2.22167366E+1	3.11111111E+1	4.14814815E+1
9.59300000E+3	8.18366434E+1	-3.00892000E+5	-2.78540000E+5	1.07000000E+2	1.92000000E+2	4.04900000E+0	4.04900000E+0	2.64262781E+1	3.60582860E+1	4.74191158E+1
9.59325000E+3	8.18265664E+1	-3.01757000E+5	-2.79408000E+5	1.02000000E+2	1.82000000E+2	4.05100000E+0	4.05100000E+0	2.51789682E+1	3.38188102E+1	4.49271785E+1
9.59350000E+3	8.18165019E+1	-3.02621000E+5	-2.80274000E+5	1.08000000E+2	1.89000000E+2	4.04900000E+0	4.04900000E+0	2.66732527E+1	3.48234132E+1	4.66781921E+1
9.59375000E+3	8.18064497E+1	-3.03483000E+5	-2.81139000E+5	1.11000000E+2	1.78000000E+2	4.05100000E+0	4.05200000E+0	2.73938796E+1	3.57936312E+1	4.39397680E+1
9.59400000E+3	8.17964100E+1	-3.04345000E+5	-2.82003000E+5	8.00000000E+1	1.52000000E+2	4.04900000E+0	4.04900000E+0	1.97579649E+1	2.79081255E+1	3.75401334E+1
9.59425000E+3	8.17863826E+1	-3.05205000E+5	-2.82866000E+5	7.50000000E+1	1.60000000E+2	4.05000000E+0	4.05000000E+0	1.85185185E+1	2.91358025E+1	3.95061728E+1
9.59450000E+3	8.17763674E+1	-3.06065000E+5	-2.83728000E+5	1.05000000E+2	1.76000000E+2	4.05000000E+0	4.05000000E+0	2.59259259E+1	3.48148148E+1	4.34567901E+1
9.59475000E+3	8.17663645E+1	-3.06923000E+5	-2.84588000E+5	9.00000000E+1	1.61000000E+2	4.05000000E+0	4.05000000E+0	2.22222222E+1	2.91358025E+1	3.97530864E+1
9.59500000E+3	8.17563739E+1	-3.07780000E+5	-2.85447000E+5	8.40000000E+1	1.53000000E+2	4.05000000E+0	4.05000000E+0	2.07407407E+1	2.83950617E+1	3.77777778E+1
9.59525000E+3	8.17463953E+1	-3.08636000E+5	-2.86306000E+5	6.50000000E+1	1.46000000E+2	4.05000000E+0	4.05000000E+0	1.60493827E+1	2.39506173E+1	3.60493827E+1
9.59550000E+3	8.17364289E+1	-3.09491000E+5	-2.87163000E+5	7.40000000E+1	1.64000000E+2	4.05000000E+0	4.05000000E+0	1.82716049E+1	2.88888889E+1	4.04938272E+1
9.59575000E+3	8.17264746E+1	-3.10344000E+5	-2.88019000E+5	6.70000000E+1	1.57000000E+2	4.04900000E+0	4.05000000E+0	1.65432099E+1	2.59323290E+1	3.87750062E+1
9.59600000E+3	8.17165322E+1	-3.11197000E+5	-2.88873000E+5	5.80000000E+1	1.22000000E+2	4.05100000E+0	4.05100000E+0	1.43174525E+1	2.17230314E+1	3.01160207E+1
9.59625000E+3	8.17066019E+1	-3.12048000E+5	-2.89727000E+5	8.40000000E+1	1.55000000E+2	4.04900000E+0	4.05000000E+0	2.07407407E+1	2.93899728E+1	3.82810571E+1
9.59650000E+3	8.16966835E+1	-3.12898000E+5	-2.90580000E+5	6.10000000E+1	1.23000000E+2	4.05000000E+0	4.05000000E+0	1.50617284E+1	2.19753086E+1	3.03703704E+1
9.59675000E+3	8.16867771E+1	-3.13748000E+5	-2.91431000E+5	6.30000000E+1	1.16000000E+2	4.05100000E+0	4.05100000E+0	1.55517156E+1	2.02419156E+1	2.86349050E+1
9.59700000E+3	8.16768824E+1	-3.14596000E+5	-2.92282000E+5	6.20000000E+1	1.32000000E+2	4.05100000E+0	4.05100000E+0	1.53048630E+1	2.49321155E+1	3.25845470E+1
9.59725000E+3	8.16669997E+1	-3.15443000E+5	-2.93131000E+5	8.00000000E+1	1.56000000E+2	4.04900000E+0	4.05000000E+0	1.97530864E+1	2.86490491E+1	3.85280316E+1
9.59750000E+3	8.16571287E+1	-3.16288000E+5	-2.93979000E+5	6.40000000E+1	1.36000000E+2	4.05000000E+0	4.05100000E+0	1.57985683E+1	2.37037037E+1	3.35802469E+1
9.59775000E+3	8.16472694E+1	-3.17133000E+5	-2.94826000E+5	5.10000000E+1	1.31000000E+2	4.04900000E+0	4.05000000E+0	1.25925926E+1	2.09928377E+1	3.23536676E+1
9.59800000E+3	8.16374218E+1	-3.17977000E+5	-2.95672000E+5	6.00000000E+1	1.41000000E+2	4.04900000E+0	4.04900000E+0	1.48184737E+1	2.42035070E+1	3.48234132E+1
9.59825000E+3	8.16275859E+1	-3.18819000E+5	-2.96517000E+5	5.90000000E+1	1.38000000E+2	4.05100000E+0	4.05100000E+0	1.45643051E+1	2.36978524E+1	3.40656628E+1
9.59850000E+3	8.16177616E+1	-3.19661000E+5	-2.97361000E+5	4.30000000E+1	1.26000000E+2	4.04900000E+0	4.05000000E+0	1.06172840E+1	2.14867869E+1	3.11187948E+1
9.59875000E+3	8.16079489E+1	-3.20501000E+5	-2.98204000E+5	3.80000000E+1	1.16000000E+2	4.05000000E+0	4.05000000E+0	9.38271605E+0	1.60493827E+1	2.86419753E+1
9.59900000E+3	8.15981478E+1	-3.21341000E+5	-2.99045000E+5	4.50000000E+1	1.32000000E+2	4.05000000E+0	4.05100000E+0	1.11083683E+1	1.95061728E+1	3.25925926E+1
9.59925000E+3	8.15883581E+1	-3.22179000E+5	-2.99886000E+5	4.10000000E+1	1.02000000E+2	4.05000000E+0	4.05100000E+0	1.01209578E+1	1.72839506E+1	2.51851852E+1
9.59950000E+3	8.15785799E+1	-3.23016000E+5	-3.00726000E+5	5.00000000E+1	1.21000000E+2	4.05000000E+0	4.05100000E+0	1.23426314E+1	2.09876543E+1	2.98765432E+1
9.59975000E+3	8.15688132E+1	-3.23852000E+5	-3.01564000E+5	5.00000000E+1	1.36000000E+2	4.05000000E+0	4.05000000E+0	1.23456790E+1	2.32098765E+1	3.35802469E+1
9.60000000E+3	8.15590578E+1	-3.24687000E+5	-3.02401000E+5	4.00000000E+1	1.07000000E+2	4.04900000E+0	4.04900000E+0	9.87898246E+0	1.75351939E+1	2.64262781E+1
9.60025000E+3	8.15493138E+1	-3.25521000E+5	-3.03238000E+5	4.60000000E+1	1.13000000E+2	4.05000000E+0	4.05100000E+0	1.13552209E+1	1.85185185E+1	2.79012346E+1
9.60050000E+3	8.15395810E+1	-3.26354000E+5	-3.04073000E+5	4.50000000E+1	1.05000000E+2	4.05100000E+0	4.05200000E+0	1.11056269E+1	1.75265367E+1	2.59195260E+1
9.60075000E+3	8.15298596E+1	-3.27186000E+5	-3.04907000E+5	4.30000000E+1	1.21000000E+2	4.05100000E+0	4.05100000E+0	1.06146630E+1	2.07356208E+1	2.98691681E+1
9.60100000E+3	8.15201494E+1	-3.28017000E+5	-3.05740000E+5	4.00000000E+1	1.07000000E+2	4.05000000E+0	4.05000000E+0	9.87654321E+0	1.95061728E+1	2.64197531E+1
9.60125000E+3	8.15104504E+1	-3.28847000E+5	-3.06572000E+5	4.40000000E+1	1.04000000E+2	4.04900000E+0	4.04900000E+0	1.08668807E+1	1.63003211E+1	2.56853544E+1
9.60150000E+3	8.15007625E+1	-3.29675000E+5	-3.07404000E+5	3.60000000E+1	9.60000000E+1	4.05000000E+0	4.05000000E+0	8.88888889E+0	1.62962963E+1	2.37037037E+1
9.60175000E+3	8.14910858E+1	-3.30503000E+5	-3.08234000E+5	3.70000000E+1	9.40000000E+1	4.04900000E+0	4.05000000E+0	9.13580247E+0	1.80291430E+1	2.32156088E+1
9.60200000E+3	8.14814201E+1	-3.31330000E+5	-3.09063000E+5	4.80000000E+1	1.11000000E+2	4.05000000E+0	4.05100000E+0	1.18489262E+1	1.87654321E+1	2.74074074E+1
9.60225000E+3	8.14717655E+1	-3.32155000E+5	-3.09890000E+5	4.20000000E+1	1.14000000E+2	4.05000000E+0	4.05100000E+0	1.03678104E+1	1.80246914E+1	2.81481481E+1
9.60250000E+3	8.14621220E+1	-3.32980000E+5	-3.10717000E+5	3.80000000E+1	1.10000000E+2	4.05000000E+0	4.05000000E+0	9.38271605E+0	1.82716049E+1	2.71604938E+1
9.60275000E+3	8.14524894E+1	-3.33803000E+5	-3.11543000E+5	3.50000000E+1	1.21000000E+2	4.04900000E+0	4.05000000E+0	8.64197531E+0	1.77821684E+1	2.98839220E+1
9.60300000E+3	8.14428677E+1	-3.34626000E+5	-3.12368000E+5	3.50000000E+1	1.11000000E+2	4.05100000E+0	4.05200000E+0	8.63770977E+0	1.75265367E+1	2.74006418E+1
9.60325000E+3	8.14332569E+1	-3.35447000E+5	-3.13192000E+5	4.20000000E+1	1.22000000E+2	4.05000000E+0	4.05000000E+0	1.03703704E+1	2.00000000E+1	3.01234568E+1
9.60350000E+3	8.14236570E+1	-3.36268000E+5	-3.14015000E+5	2.90000000E+1	1.05000000E+2	4.05000000E+0	4.05000000E+0	7.16049383E+0	1.67901235E+1	2.59259259E+1
9.60375000E+3	8.14140680E+1	-3.37087000E+5	-3.14837000E+5	3.80000000E+1	1.15000000E+2	4.05000000E+0	4.05000000E+0	9.38271605E+0	1.80246914E+1	2.83950617E+1
9.60400000E+3	8.14044897E+1	-3.37906000E+5	-3.15658000E+5	2.70000000E+1	1.07000000E+2	4.05000000E+0	4.05000000E+0	6.66666667E+0	1.62962963E+1	2.64197531E+1
9.60425000E+3	8.13949222E+1	-3.38723000E+5	-3.16477000E+5	3.70000000E+1	1.10000000E+2	4.05000000E+0	4.05000000E+0	9.13580247E+0	1.70370370E+1	2.71604938E+1
9.60450000E+3	8.13853655E+1	-3.39540000E+5	-3.17296000E+5	3.80000000E+1	1.16000000E+2	4.05000000E+0	4.05000000E+0	9.38271605E+0	1.62962963E+1	2.86419753E+1
9.60475000E+3	8.13758194E+1	-3.40355000E+5	-3.18114000E+5	3.10000000E+1	9.70000000E+1	4.05000000E+0	4.05000000E+0	7.65432099E+0	1.53086420E+1	2.39506173E+1
9.60500000E+3	8.13662840E+1	-3.41170000E+5	-3.18931000E+5	2.60000000E+1	9.40000000E+1	4.05000000E+0	4.05000000E+0	6.41975309E+0	1.28395062E+1	2.32098765E+1
9.60525000E+3	8.13567592E+1	-3.41983000E+5	-3.19747000E+5	2.70000000E+1	8.90000000E+1	4.04900000E+0	4.04900000E+0	6.66831316E+0	1.33366263E+1	2.19807360E+1
9.60550000E+3	8.13472451E+1	-3.42796000E+5	-3.20561000E+5	2.80000000E+1	9.20000000E+1	4.05100000E+0	4.05200000E+0	6.91016782E+0	1.30831893E+1	2.27104419E+1
9.60575000E+3	8.13377414E+1	-3.43607000E+5	-3.21375000E+5	3.30000000E+1	1.01000000E+2	4.04900000E+0	4.05000000E+0	8.14814815E+0	1.70412448E+1	2.49444307E+1
9.60600000E+3	8.13282483E+1	-3.44418000E+5	-3.22188000E+5	2.50000000E+1	1.07000000E+2	4.05000000E+0	4.05000000E+0	6.17283951E+0	1.43209877E+1	2.64197531E+1
9.60625000E+3	8.13187657E+1	-3.45227000E+5	-3.23000000E+5	2.40000000E+1	9.20000000E+1	4.05000000E+0	4.05000000E+0	5.92592593E+0	1.48148148E+1	2.27160494E+1
9.60650000E+3	8.13092935E+1	-3.46036000E+5	-3.23811000E+5	2.80000000E+1	1.10000000E+2	4.05000000E+0	4.05100000E+0	6.91187361E+0	1.55555556E+1	2.71604938E+1
9.60675000E+3	8.12998318E+1	-3.46844000E+5	-3.24621000E+5	3.10000000E+1	1.05000000E+2	4.05000000E+0	4.05100000E+0	7.65243150E+0	1.60493827E+1	2.59259259E+1
9.60700000E+3	8.12903805E+1	-3.47650000E+5	-3.25430000E+5	2.50000000E+1	1.00000000E+2	4.05100000E+0	4.05200000E+0	6.16979269E+0	1.55517156E+1	2.46852629E+1
9.60725000E+3	8.12809395E+1	-3.48456000E+5	-3.26238000E+5	2.50000000E+1	9.70000000E+1	4.05100000E+0	4.05100000E+0	6.17131572E+0	1.55517156E+1	2.39447050E+1
9.60750000E+3	8.12715088E+1	-3.49260000E+5	-3.27045000E+5	2.60000000E+1	1.04000000E+2	4.04900000E+0	4.04900000E+0	6.42133860E+0	1.55593974E+1	2.56853544E+1
9.60775000E+3	8.12620885E+1	-3.50064000E+5	-3.27851000E+5	3.40000000E+1	9.00000000E+1	4.04900000E+0	4.05000000E+0	8.39506173E+0	1.43245246E+1	2.22277105E+1
9.60800000E+3	8.12526784E+1	-3.50867000E+5	-3.28656000E+5	2.00000000E+1	1.03000000E+2	4.04900000E+0	4.05000000E+0	4.93827160E+0	1.40775500E+1	2.54383798E+1
9.60825000E+3	8.12432785E+1	-3.51669000E+5	-3.29460000E+5	2.40000000E+1	9.20000000E+1	4.05100000E+0	4.05100000E+0	5.92446310E+0	1.55517156E+1	2.27104419E+1
9.60850000E+3	8.12338888E+1	-3.52469000E+5	-3.30263000E+5	3.30000000E+1	1.16000000E+2	4.05100000E+0	4.05100000E+0	8.14613676E+0	1.87607998E+1	2.86349050E+1
9.60875000E+3	8.12245093E+1	-3.53269000E+5	-3.31065000E+5	2.10000000E+1	8.40000000E+1	4.05000000E+0	4.05000000E+0	5.18518519E+0	1.06172840E+1	2.07407407E+1
9.60900000E+3	8.12151399E+1	-3.54068000E+5	-3.31867000E+5	2.70000000E+1	9.90000000E+1	4.04900000E+0	4.05000000E+0	6.66666667E+0	1.35836009E+1	2.44504816E+1
9.60925000E+3	8.12057806E+1	-3.54866000E+5	-3.32667000E+5	1.70000000E+1	9.60000000E+1	4.05100000E+0	4.05200000E+0	4.19545903E+0	1.38237472E+1	2.36978524E+1
9.60950000E+3	8.11964314E+1	-3.55663000E+5	-3.33466000E+5	2.70000000E+1	1.09000000E+2	4.05000000E+0	4.05000000E+0	6.66666667E+0	1.45679012E+1	2.69135802E+1
9.60975000E+3	8.11870922E+1	-3.56459000E+5	-3.34265000E+5	3.20000000E+1	1.04000000E+2	4.04900000E+0	4.05000000E+0	7.90123457E+0	1.65472956E+1	2.56853544E+1
9.61000000E+3	8.11777631E+1	-3.57255000E+5	-3.35062000E+5	2.60000000E+1	8.50000000E+1	4.05100000E+0	4.05100000E+0	6.41816835E+0	1.25894841E+1	2.09824735E+1
9.61025000E+3	8.11684439E+1	-3.58049000E+5	-3.35859000E+5	1.60000000E+1	9.30000000E+1	4.04900000E+0	4.05000000E+0	3.95061728E+0	1.33366263E+1	2.29686342E+1
9.61050000E+3	8.11591347E+1	-3.58842000E+5	-3.36654000E+5	2.60000000E+1	9.20000000E+1	4.05000000E+0	4.05000000E+0	6.41975309E+0	1.38271605E+1	2.27160494E+1
9.61075000E+3	8.11498353E+1	-3.59634000E+5	-3.37449000E+5	2.10000000E+1	1.02000000E+2	4.04900000E+0	4.04900000E+0	5.18646579E+0	1.45714991E+1	2.51914053E+1
9.61100000E+3	8.11405459E+1	-3.60426000E+5	-3.38243000E+5	2.80000000E+1	9.40000000E+1	4.04900000E+0	4.05000000E+0	6.91358025E+0	1.53124228E+1	2.32156088E+1
9.61125000E+3	8.11312663E+1	-3.61216000E+5	-3.39036000E+5	1.50000000E+1	8.10000000E+1	4.04900000E+0	4.05000000E+0	3.70370370E+0	1.08668807E+1	2.00049395E+1
9.61150000E+3	8.11219966E+1	-3.62006000E+5	-3.39828000E+5	1.30000000E+1	8.40000000E+1	4.05000000E+0	4.05000000E+0	3.20987654E+0	1.06172840E+1	2.07407407E+1
9.61175000E+3	8.11127366E+1	-3.62795000E+5	-3.40619000E+5	2.00000000E+1	7.80000000E+1	4.04900000E+0	4.05000000E+0	4.93827160E+0	1.06199061E+1	1.92640158E+1
9.61200000E+3	8.11034864E+1	-3.63582000E+5	-3.41409000E+5	2.30000000E+1	9.50000000E+1	4.04900000E+0	4.05000000E+0	5.67901235E+0	1.40775500E+1	2.34625834E+1
9.61225000E+3	8.10942460E+1	-3.64369000E+5	-3.42198000E+5	2.60000000E+1	8.30000000E+1	4.04900000E+0	4.04900000E+0	6.42133860E+0	1.28426772E+1	2.04988886E+1
9.61250000E+3	8.10850152E+1	-3.65155000E+5	-3.42986000E+5	2.10000000E+1	9.60000000E+1	4.04900000E+0	4.05000000E+0	5.18518519E+0	1.35836009E+1	2.37095579E+1
9.61275000E+3	8.10757941E+1	-3.65940000E+5	-3.43774000E+5	3.80000000E+1	9.20000000E+1	4.04900000E+0	4.05000000E+0	9.38271605E+0	1.60533465E+1	2.27216597E+1
9.61300000E+3	8.10665827E+1	-3.66724000E+5	-3.44560000E+5	2.50000000E+1	8.70000000E+1	4.05100000E+0	4.05100000E+0	6.17131572E+0	1.33300420E+1	2.14761787E+1
9.61325000E+3	8.10573809E+1	-3.67508000E+5	-3.45346000E+5	2.20000000E+1	9.20000000E+1	4.05000000E+0	4.05000000E+0	5.43209877E+0	1.35802469E+1	2.27160494E+1
9.61350000E+3	8.10481887E+1	-3.68290000E+5	-3.46130000E+5	2.00000000E+1	8.90000000E+1	4.05000000E+0	4.05100000E+0	4.93705258E+0	1.08641975E+1	2.19753086E+1
9.61375000E+3	8.10390061E+1	-3.69071000E+5	-3.46914000E+5	2.20000000E+1	8.60000000E+1	4.04900000E+0	4.05000000E+0	5.43209877E+0	1.30896518E+1	2.12398123E+1
9.61400000E+3	8.10298329E+1	-3.69852000E+5	-3.47697000E+5	2.00000000E+1	8.40000000E+1	4.04900000E+0	4.05000000E+0	4.93827160E+0	1.11138553E+1	2.07458632E+1
9.61425000E+3	8.10206693E+1	-3.70631000E+5	-3.48479000E+5	1.80000000E+1	8.70000000E+1	4.05000000E+0	4.05000000E+0	4.44444444E+0	1.28395062E+1	2.14814815E+1
9.61450000E+3	8.10115152E+1	-3.71410000E+5	-3.49260000E+5	2.70000000E+1	9.40000000E+1	4.05000000E+0	4.05000000E+0	6.66666667E+0	1.43209877E+1	2.32098765E+1
9.61475000E+3	8.10023705E+1	-3.72188000E+5	-3.50040000E+5	1.80000000E+1	9.30000000E+1	4.05000000E+0	4.05000000E+0	4.44444444E+0	1.30864198E+1	2.29629630E+1
9.61500000E+3	8.09932352E+1	-3.72965000E+5	-3.50819000E+5	1.30000000E+1	9.60000000E+1	4.04900000E+0	4.05000000E+0	3.20987654E+0	1.30896518E+1	2.37095579E+1
9.61525000E+3	8.09841094E+1	-3.73741000E+5	-3.51598000E+5	1.70000000E+1	8.60000000E+1	4.05100000E+0	4.05100000E+0	4.19649469E+0	1.13552209E+1	2.12293261E+1
9.61550000E+3	8.09749928E+1	-3.74516000E+5	-3.52375000E+5	1.80000000E+1	8.60000000E+1	4.04900000E+0	4.05000000E+0	4.44444444E+0	1.18547790E+1	2.12398123E+1
9.61575000E+3	8.09658857E+1	-3.75291000E+5	-3.53152000E+5	2.10000000E+1	9.60000000E+1	4.05000000E+0	4.05000000E+0	5.18518519E+0	1.30864198E+1	2.37037037E+1
9.61600000E+3	8.09567878E+1	-3.76064000E+5	-3.53928000E+5	2.30000000E+1	1.10000000E+2	4.05000000E+0	4.05000000E+0	5.67901235E+0	1.58024691E+1	2.71604938E+1
9.61625000E+3	8.09476992E+1	-3.76837000E+5	-3.54703000E+5	2.70000000E+1	9.60000000E+1	4.05000000E+0	4.05000000E+0	6.66666667E+0	1.55555556E+1	2.37037037E+1
9.61650000E+3	8.09386199E+1	-3.77608000E+5	-3.55477000E+5	2.40000000E+1	9.20000000E+1	4.05000000E+0	4.05000000E+0	5.92592593E+0	1.23456790E+1	2.27160494E+1
9.61675000E+3	8.09295498E+1	-3.78379000E+5	-3.56250000E+5	1.90000000E+1	9.10000000E+1	4.04900000E+0	4.05000000E+0	4.69135802E+0	1.21017535E+1	2.24746851E+1
9.61700000E+3	8.09204889E+1	-3.79149000E+5	-3.57022000E+5	2.30000000E+1	8.90000000E+1	4.05000000E+0	4.05000000E+0	5.67901235E+0	1.06172840E+1	2.19753086E+1
9.61725000E+3	8.09114372E+1	-3.79918000E+5	-3.57794000E+5	1.90000000E+1	8.30000000E+1	4.05100000E+0	4.05100000E+0	4.69019995E+0	1.06146630E+1	2.04887682E+1
9.61750000E+3	8.09023946E+1	-3.80687000E+5	-3.58564000E+5	2.20000000E+1	8.50000000E+1	4.04900000E+0	4.05000000E+0	5.43209877E+0	1.21017535E+1	2.09928377E+1
9.61775000E+3	8.08933612E+1	-3.81454000E+5	-3.59334000E+5	1.70000000E+1	9.20000000E+1	4.05000000E+0	4.05000000E+0	4.19753086E+0	1.20987654E+1	2.27160494E+1
9.61800000E+3	8.08843368E+1	-3.82221000E+5	-3.60103000E+5	1.50000000E+1	8.70000000E+1	4.04900000E+0	4.04900000E+0	3.70461842E+0	1.23487281E+1	2.14867869E+1
9.61825000E+3	8.08753215E+1	-3.82986000E+5	-3.60871000E+5	2.50000000E+1	1.01000000E+2	4.05100000E+0	4.05100000E+0	6.17131572E+0	1.53048630E+1	2.49321155E+1
9.61850000E+3	8.08663153E+1	-3.83751000E+5	-3.61638000E+5	2.00000000E+1	8.20000000E+1	4.04900000E+0	4.05000000E+0	4.93827160E+0	1.16078044E+1	2.02519141E+1
9.61875000E+3	8.08573180E+1	-3.84515000E+5	-3.62404000E+5	1.60000000E+1	8.00000000E+1	4.05000000E+0	4.05000000E+0	3.95061728E+0	1.28395062E+1	1.97530864E+1
9.61900000E+3	8.08483298E+1	-3.85278000E+5	-3.63170000E+5	2.20000000E+1	9.50000000E+1	4.05100000E+0	4.05100000E+0	5.43075784E+0	1.45643051E+1	2.34509998E+1
9.61925000E+3	8.08393505E+1	-3.86041000E+5	-3.63935000E+5	1.00000000E+1	7.20000000E+1	4.05100000E+0	4.05100000E+0	2.46852629E+0	9.62725253E+0	1.77733893E+1
9.61950000E+3	8.08303802E+1	-3.86802000E+5	-3.64698000E+5	2.10000000E+1	9.10000000E+1	4.04900000E+0	4.05000000E+0	5.18518519E+0	1.06199061E+1	2.24746851E+1
9.61975000E+3	8.08214188E+1	-3.87563000E+5	-3.65461000E+5	1.30000000E+1	6.10000000E+1	4.05000000E+0	4.05000000E+0	3.20987654E+0	7.40740741E+0	1.50617284E+1
9.62000000E+3	8.08124663E+1	-3.88323000E+5	-3.66224000E+5	7.00000000E+0	7.30000000E+1	4.04900000E+0	4.05000000E+0	1.72839506E+0	7.90318597E+0	1.80291430E+1
9.62025000E+3	8.08035226E+1	-3.89082000E+5	-3.66985000E+5	1.60000000E+1	8.20000000E+1	4.05000000E+0	4.05100000E+0	3.94964206E+0	1.20987654E+1	2.02469136E+1
9.62050000E+3	8.07945878E+1	-3.89840000E+5	-3.67745000E+5	1.30000000E+1	8.30000000E+1	4.04900000E+0	4.05000000E+0	3.20987654E+0	1.16078044E+1	2.04988886E+1
9.62075000E+3	8.07856617E+1	-3.90597000E+5	-3.68505000E+5	1.70000000E+1	8.90000000E+1	4.04900000E+0	4.05000000E+0	4.19753086E+0	1.13608298E+1	2.19807360E+1
9.62100000E+3	8.07767445E+1	-3.91354000E+5	-3.69264000E+5	1.40000000E+1	8.00000000E+1	4.04900000E+0	4.05000000E+0	3.45679012E+0	1.25957026E+1	1.97579649E+1
9.62125000E+3	8.07678360E+1	-3.92109000E+5	-3.70022000E+5	2.10000000E+1	9.70000000E+1	4.04900000E+0	4.04900000E+0	5.18646579E+0	1.48184737E+1	2.39565325E+1
9.62150000E+3	8.07589363E+1	-3.92864000E+5	-3.70779000E+5	2.50000000E+1	9.90000000E+1	4.05000000E+0	4.05100000E+0	6.17131572E+0	1.28395062E+1	2.44444444E+1
9.62175000E+3	8.07500453E+1	-3.93618000E+5	-3.71535000E+5	1.50000000E+1	8.00000000E+1	4.04900000E+0	4.04900000E+0	3.70461842E+0	1.11138553E+1	1.97579649E+1
9.62200000E+3	8.07411630E+1	-3.94371000E+5	-3.72291000E+5	1.40000000E+1	7.00000000E+1	4.05000000E+0	4.05000000E+0	3.45679012E+0	9.13580247E+0	1.72839506E+1
9.62225000E+3	8.07322893E+1	-3.95124000E+5	-3.73045000E+5	2.30000000E+1	9.30000000E+1	4.05000000E+0	4.05100000E+0	5.67761047E+0	1.43209877E+1	2.29629630E+1
9.62250000E+3	8.07234243E+1	-3.95875000E+5	-3.73799000E+5	1.60000000E+1	8.30000000E+1	4.05200000E+0	4.05200000E+0	3.94866732E+0	1.20927937E+1	2.04837117E+1
9.62275000E+3	8.07145679E+1	-3.96626000E+5	-3.74552000E+5	1.60000000E+1	8.40000000E+1	4.05100000E+0	4.05100000E+0	3.94964206E+0	1.30831893E+1	2.07356208E+1
9.62300000E+3	8.07057201E+1	-3.97376000E+5	-3.75305000E+5	1.80000000E+1	9.40000000E+1	4.04900000E+0	4.05000000E+0	4.44444444E+0	1.28426772E+1	2.32156088E+1
9.62325000E+3	8.06968809E+1	-3.98125000E+5	-3.76056000E+5	1.80000000E+1	8.40000000E+1	4.04900000E+0	4.04900000E+0	4.44554211E+0	1.23487281E+1	2.07458632E+1
9.62350000E+3	8.06880502E+1	-3.98873000E+5	-3.76807000E+5	1.10000000E+1	8.40000000E+1	4.05200000E+0	4.05200000E+0	2.71470879E+0	1.20927937E+1	2.07305035E+1
9.62375000E+3	8.06792280E+1	-3.99621000E+5	-3.77557000E+5	1.40000000E+1	7.20000000E+1	4.05000000E+0	4.05100000E+0	3.45593681E+0	8.39506173E+0	1.77777778E+1
9.62400000E+3	8.06704143E+1	-4.00368000E+5	-3.78306000E+5	2.10000000E+1	9.20000000E+1	4.05000000E+0	4.05100000E+0	5.18390521E+0	1.23456790E+1	2.27160494E+1
9.62425000E+3	8.06616091E+1	-4.01114000E+5	-3.79054000E+5	2.00000000E+1	9.90000000E+1	4.05000000E+0	4.05000000E+0	4.93827160E+0	1.35802469E+1	2.44444444E+1
9.62450000E+3	8.06528124E+1	-4.01859000E+5	-3.79802000E+5	1.10000000E+1	8.30000000E+1	4.05100000E+0	4.05200000E+0	2.71470879E+0	1.06146630E+1	2.04887682E+1
9.62475000E+3	8.06440241E+1	-4.02603000E+5	-3.80548000E+5	1.40000000E+1	8.10000000E+1	4.05000000E+0	4.05000000E+0	3.45679012E+0	1.11111111E+1	2.00000000E+1
9.62500000E+3	8.06352442E+1	-4.03347000E+5	-3.81294000E+5	1.40000000E+1	8.80000000E+1	4.05000000E+0	4.05000000E+0	3.45679012E+0	1.13580247E+1	2.17283951E+1
9.62525000E+3	8.06264726E+1	-4.04089000E+5	-3.82039000E+5	1.90000000E+1	9.80000000E+1	4.05000000E+0	4.05000000E+0	4.69135802E+0	1.50617284E+1	2.41975309E+1
9.62550000E+3	8.06177095E+1	-4.04831000E+5	-3.82784000E+5	1.80000000E+1	8.60000000E+1	4.05000000E+0	4.05000000E+0	4.44444444E+0	1.11111111E+1	2.12345679E+1
9.62575000E+3	8.06089546E+1	-4.05573000E+5	-3.83527000E+5	1.60000000E+1	8.20000000E+1	4.04900000E+0	4.04900000E+0	3.95159299E+0	1.23487281E+1	2.02519141E+1
9.62600000E+3	8.06002081E+1	-4.06313000E+5	-3.84270000E+5	1.60000000E+1	7.90000000E+1	4.05000000E+0	4.05000000E+0	3.95061728E+0	1.13580247E+1	1.95061728E+1
9.62625000E+3	8.05914699E+1	-4.07053000E+5	-3.85012000E+5	1.80000000E+1	9.70000000E+1	4.04900000E+0	4.04900000E+0	4.44554211E+0	1.23487281E+1	2.39565325E+1
9.62650000E+3	8.05827399E+1	-4.07792000E+5	-3.85753000E+5	1.70000000E+1	8.90000000E+1	4.04900000E+0	4.05000000E+0	4.19753086E+0	1.13608298E+1	2.19807360E+1
9.62675000E+3	8.05740182E+1	-4.08530000E+5	-3.86493000E+5	1.40000000E+1	8.70000000E+1	4.04900000E+0	4.05000000E+0	3.45679012E+0	1.28426772E+1	2.14867869E+1
9.62700000E+3	8.05653047E+1	-4.09267000E+5	-3.87233000E+5	1.80000000E+1	9.40000000E+1	4.05000000E+0	4.05000000E+0	4.44444444E+0	1.30864198E+1	2.32098765E+1
9.62725000E+3	8.05565994E+1	-4.10003000E+5	-3.87972000E+5	1.30000000E+1	8.10000000E+1	4.04900000E+0	4.04900000E+0	3.21066930E+0	9.87898246E+0	2.00049395E+1
9.62750000E+3	8.05479023E+1	-4.10739000E+5	-3.88710000E+5	9.00000000E+0	8.20000000E+1	4.04900000E+0	4.04900000E+0	2.22277105E+0	1.06199061E+1	2.02519141E+1
9.62775000E+3	8.05392133E+1	-4.11474000E+5	-3.89447000E+5	1.60000000E+1	8.80000000E+1	4.04900000E+0	4.05000000E+0	3.95061728E+0	1.11138553E+1	2.17337614E+1
9.62800000E+3	8.05305325E+1	-4.12208000E+5	-3.90184000E+5	1.40000000E+1	8.70000000E+1	4.05000000E+0	4.05100000E+0	3.45593681E+0	1.20987654E+1	2.14814815E+1
9.62825000E+3	8.05218598E+1	-4.12942000E+5	-3.90920000E+5	7.00000000E+0	9.90000000E+1	4.04900000E+0	4.05000000E+0	1.72839506E+0	1.23487281E+1	2.44504816E+1
9.62850000E+3	8.05131952E+1	-4.13675000E+5	-3.91655000E+5	7.00000000E+0	7.50000000E+1	4.05000000E+0	4.05000000E+0	1.72839506E+0	1.16049383E+1	1.85185185E+1
9.62875000E+3	8.05045387E+1	-4.14407000E+5	-3.92389000E+5	1.40000000E+1	7.90000000E+1	4.05100000E+0	4.05100000E+0	3.45593681E+0	1.03678104E+1	1.95013577E+1
9.62900000E+3	8.04958902E+1	-4.15138000E+5	-3.93122000E+5	1.80000000E+1	7.30000000E+1	4.05000000E+0	4.05100000E+0	4.44334732E+0	9.38271605E+0	1.80246914E+1
9.62925000E+3	8.04872497E+1	-4.15868000E+5	-3.93855000E+5	9.00000000E+0	8.60000000E+1	4.05000000E+0	4.05000000E+0	2.22222222E+0	1.28395062E+1	2.12345679E+1
9.62950000E+3	8.04786173E+1	-4.16598000E+5	-3.94587000E+5	1.00000000E+1	8.20000000E+1	4.05000000E+0	4.05100000E+0	2.46852629E+0	8.64197531E+0	2.02469136E+1
9.62975000E+3	8.04699928E+1	-4.17327000E+5	-3.95318000E+5	1.20000000E+1	8.60000000E+1	4.05000000E+0	4.05100000E+0	2.96223155E+0	1.23456790E+1	2.12345679E+1
9.63000000E+3	8.04613763E+1	-4.18055000E+5	-3.96049000E+5	1.78000000E+2	8.78000000E+2	4.00500000E+1	4.00500000E+1	4.44444444E+0	1.18102372E+1	2.19225968E+1
9.63025000E+3	8.04527677E+1	-4.18782000E+5	-3.96779000E+5	1.52000000E+2	8.18000000E+2	4.00520000E+1	4.00520000E+1	3.79506641E+0	1.08858484E+1	2.04234495E+1
9.63050000E+3	8.04441671E+1	-4.19509000E+5	-3.97508000E+5	1.80000000E+2	8.55000000E+2	4.00500000E+1	4.00500000E+1	4.49438202E+0	1.17353308E+1	2.13483146E+1
9.63075000E+3	8.04355743E+1	-4.20235000E+5	-3.98236000E+5	1.50000000E+2	8.05000000E+2	4.00500000E+1	4.00510000E+1	3.74522484E+0	1.10611735E+1	2.00998752E+1
9.63100000E+3	8.04269895E+1	-4.20960000E+5	-3.98963000E+5	1.55000000E+2	8.11000000E+2	4.00500000E+1	4.00510000E+1	3.87006567E+0	1.12609238E+1	2.02496879E+1
9.63125000E+3	8.04184125E+1	-4.21685000E+5	-3.99690000E+5	1.36000000E+2	8.19000000E+2	4.00500000E+1	4.00500000E+1	3.39575531E+0	1.11610487E+1	2.04494382E+1
9.63150000E+3	8.04098433E+1	-4.22408000E+5	-4.00416000E+5	1.55000000E+2	8.50000000E+2	4.00500000E+1	4.00500000E+1	3.87016230E+0	1.25593009E+1	2.12234707E+1
9.63175000E+3	8.04012820E+1	-4.23131000E+5	-4.01141000E+5	1.30000000E+2	7.67000000E+2	4.00500000E+1	4.00500000E+1	3.24594257E+0	1.04119850E+1	1.91510612E+1
9.63200000E+3	8.03927285E+1	-4.23853000E+5	-4.01866000E+5	1.54000000E+2	7.86000000E+2	4.00500000E+1	4.00500000E+1	3.84519351E+0	1.15106117E+1	1.96254682E+1
9.63225000E+3	8.03841827E+1	-4.24575000E+5	-4.02590000E+5	1.64000000E+2	8.07000000E+2	4.00530000E+1	4.00530000E+1	4.09457469E+0	1.14348488E+1	2.01483035E+1
9.63250000E+3	8.03756447E+1	-4.25296000E+5	-4.03313000E+5	1.45000000E+2	8.11000000E+2	4.00510000E+1	4.00510000E+1	3.62038401E+0	1.12356745E+1	2.02491823E+1
9.63275000E+3	8.03671144E+1	-4.26016000E+5	-4.04035000E+5	1.51000000E+2	7.95000000E+2	4.00510000E+1	4.00510000E+1	3.77019300E+0	1.14603880E+1	1.98496916E+1
9.63300000E+3	8.03585919E+1	-4.26735000E+5	-4.04757000E+5	1.44000000E+2	8.02000000E+2	4.00520000E+1	4.00520000E+1	3.59532608E+0	1.15100370E+1	2.00239688E+1
9.63325000E+3	8.03500770E+1	-4.27454000E+5	-4.05478000E+5	1.25000000E+2	8.01000000E+2	4.00510000E+1	4.00510000E+1	3.12102070E+0	1.00621707E+1	1.99995006E+1
9.63350000E+3	8.03415699E+1	-4.28171000E+5	-4.06198000E+5	1.33000000E+2	7.54000000E+2	4.00490000E+1	4.00490000E+1	3.32093186E+0	1.02624285E+1	1.88269370E+1
9.63375000E+3	8.03330703E+1	-4.28889000E+5	-4.06917000E+5	1.41000000E+2	8.19000000E+2	4.00500000E+1	4.00500000E+1	3.52059925E+0	1.08863920E+1	2.04494382E+1
9.63400000E+3	8.03245785E+1	-4.29605000E+5	-4.07636000E+5	1.37000000E+2	7.64000000E+2	4.00500000E+1	4.00500000E+1	3.42072409E+0	1.09113608E+1	1.90761548E+1
9.63425000E+3	8.03160942E+1	-4.30321000E+5	-4.08354000E+5	1.59000000E+2	8.76000000E+2	4.00520000E+1	4.00520000E+1	3.96983921E+0	1.27334465E+1	2.18715670E+1
9.63450000E+3	8.03076176E+1	-4.31036000E+5	-4.09071000E+5	1.58000000E+2	8.21000000E+2	4.00500000E+1	4.00500000E+1	3.94506866E+0	1.13857678E+1	2.04993758E+1
9.63475000E+3	8.02991485E+1	-4.31750000E+5	-4.09788000E+5	1.18000000E+2	8.01000000E+2	4.00510000E+1	4.00510000E+1	2.94624354E+0	1.05365659E+1	1.99995006E+1
9.63500000E+3	8.02906870E+1	-4.32463000E+5	-4.10504000E+5	1.25000000E+2	8.14000000E+2	4.00510000E+1	4.00510000E+1	3.12102070E+0	1.03368206E+1	2.03240868E+1
9.63525000E+3	8.02822330E+1	-4.33176000E+5	-4.11219000E+5	1.49000000E+2	8.37000000E+2	4.00510000E+1	4.00510000E+1	3.72025667E+0	1.14603880E+1	2.08983546E+1
9.63550000E+3	8.02737865E+1	-4.33888000E+5	-4.11933000E+5	1.49000000E+2	8.04000000E+2	4.00510000E+1	4.00510000E+1	3.72025667E+0	1.13605153E+1	2.00744051E+1
9.63575000E+3	8.02653476E+1	-4.34600000E+5	-4.12647000E+5	1.45000000E+2	7.80000000E+2	4.00510000E+1	4.00510000E+1	3.62038401E+0	1.12356745E+1	1.94751692E+1
9.63600000E+3	8.02569161E+1	-4.35310000E+5	-4.13360000E+5	1.31000000E+2	7.91000000E+2	4.00510000E+1	4.00510000E+1	3.27082969E+0	1.11108337E+1	1.97498190E+1
9.63625000E+3	8.02484921E+1	-4.36020000E+5	-4.14072000E+5	1.54000000E+2	7.97000000E+2	4.00510000E+1	4.00510000E+1	3.84509750E+0	1.07612794E+1	1.98996280E+1
9.63650000E+3	8.02400756E+1	-4.36730000E+5	-4.14784000E+5	1.59000000E+2	7.85000000E+2	4.00510000E+1	4.00510000E+1	3.96993833E+0	1.11607700E+1	1.96000100E+1
9.63675000E+3	8.02316665E+1	-4.37438000E+5	-4.15495000E+5	1.54000000E+2	7.83000000E+2	4.00510000E+1	4.00510000E+1	3.84509750E+0	1.11607700E+1	1.95500737E+1
9.63700000E+3	8.02232648E+1	-4.38146000E+5	-4.16205000E+5	1.30000000E+2	7.31000000E+2	4.00520000E+1	4.00520000E+1	3.24578049E+0	9.96204934E+0	1.82512733E+1
9.63725000E+3	8.02148704E+1	-4.38853000E+5	-4.16915000E+5	1.65000000E+2	7.87000000E+2	4.00510000E+1	4.00510000E+1	4.11974732E+0	1.11607700E+1	1.96499463E+1
9.63750000E+3	8.02064835E+1	-4.39560000E+5	-4.17623000E+5	1.40000000E+2	8.07000000E+2	4.00500000E+1	4.00500000E+1	3.49563046E+0	1.09113608E+1	2.01498127E+1
9.63775000E+3	8.01981039E+1	-4.40266000E+5	-4.18331000E+5	1.65000000E+2	8.04000000E+2	4.00500000E+1	4.00510000E+1	4.11974732E+0	1.12109863E+1	2.00749064E+1
9.63800000E+3	8.01897316E+1	-4.40971000E+5	-4.19039000E+5	1.37000000E+2	8.07000000E+2	4.00490000E+1	4.00490000E+1	3.42080951E+0	1.08866638E+1	2.01503159E+1
9.63825000E+3	8.01813667E+1	-4.41675000E+5	-4.19746000E+5	1.78000000E+2	8.14000000E+2	4.00510000E+1	4.00510000E+1	4.44433347E+0	1.18848468E+1	2.03240868E+1
9.63850000E+3	8.01730090E+1	-4.42379000E+5	-4.20452000E+5	1.44000000E+2	7.61000000E+2	4.00490000E+1	4.00490000E+1	3.59559540E+0	1.09366027E+1	1.90017229E+1
9.63875000E+3	8.01646587E+1	-4.43082000E+5	-4.21157000E+5	1.63000000E+2	7.89000000E+2	4.00500000E+1	4.00500000E+1	4.06991261E+0	1.10362047E+1	1.97003745E+1
9.63900000E+3	8.01563156E+1	-4.43784000E+5	-4.21862000E+5	1.54000000E+2	7.88000000E+2	4.00500000E+1	4.00500000E+1	3.84519351E+0	1.18352060E+1	1.96754057E+1
9.63925000E+3	8.01479797E+1	-4.44486000E+5	-4.22566000E+5	1.49000000E+2	7.42000000E+2	4.00500000E+1	4.00500000E+1	3.72034956E+0	1.06866417E+1	1.85268414E+1
9.63950000E+3	8.01396511E+1	-4.45187000E+5	-4.23269000E+5	1.50000000E+2	7.57000000E+2	4.00500000E+1	4.00500000E+1	3.74531835E+0	1.05118602E+1	1.89013733E+1
9.63975000E+3	8.01313296E+1	-4.45887000E+5	-4.23972000E+5	1.52000000E+2	7.97000000E+2	4.00510000E+1	4.00510000E+1	3.79516117E+0	1.11607700E+1	1.98996280E+1
9.64000000E+3	8.01230154E+1	-4.46587000E+5	-4.24673000E+5	1.54000000E+2	7.67000000E+2	4.00510000E+1	4.00510000E+1	3.84509750E+0	1.06114704E+1	1.91505830E+1
9.64025000E+3	8.01147084E+1	-4.47286000E+5	-4.25375000E+5	1.70000000E+2	8.46000000E+2	4.00500000E+1	4.00510000E+1	4.24458815E+0	1.21598002E+1	2.11235955E+1
9.64050000E+3	8.01064085E+1	-4.47984000E+5	-4.26075000E+5	1.68000000E+2	7.58000000E+2	4.00500000E+1	4.00500000E+1	4.19475655E+0	1.13108614E+1	1.89263421E+1
9.64075000E+3	8.00981157E+1	-4.48682000E+5	-4.26775000E+5	1.40000000E+2	8.05000000E+2	4.00500000E+1	4.00500000E+1	3.49563046E+0	1.11360799E+1	2.00998752E+1
9.64100000E+3	8.00898300E+1	-4.49378000E+5	-4.27474000E+5	1.58000000E+2	7.74000000E+2	4.00500000E+1	4.00500000E+1	3.94506866E+0	1.07116105E+1	1.93258427E+1
9.64125000E+3	8.00815515E+1	-4.50075000E+5	-4.28173000E+5	1.44000000E+2	8.06000000E+2	4.00500000E+1	4.00510000E+1	3.59541584E+0	1.13108614E+1	2.01248439E+1
9.64150000E+3	8.00732800E+1	-4.50770000E+5	-4.28871000E+5	1.39000000E+2	7.71000000E+2	4.00510000E+1	4.00510000E+1	3.47057502E+0	1.13105790E+1	1.92504557E+1
9.64175000E+3	8.00650157E+1	-4.51465000E+5	-4.29568000E+5	1.56000000E+2	7.97000000E+2	4.00500000E+1	4.00500000E+1	3.89513109E+0	1.16354557E+1	1.99001248E+1
9.64200000E+3	8.00567583E+1	-4.52159000E+5	-4.30265000E+5	1.44000000E+2	7.39000000E+2	4.00510000E+1	4.00510000E+1	3.59541584E+0	1.07363112E+1	1.84514744E+1
9.64225000E+3	8.00485080E+1	-4.52853000E+5	-4.30960000E+5	1.38000000E+2	7.45000000E+2	4.00510000E+1	4.00510000E+1	3.44560685E+0	9.93732990E+0	1.86012834E+1
9.64250000E+3	8.00402647E+1	-4.53546000E+5	-4.31656000E+5	1.62000000E+2	7.57000000E+2	4.00500000E+1	4.00500000E+1	4.04494382E+0	1.16104869E+1	1.89013733E+1
9.64275000E+3	8.00320284E+1	-4.54238000E+5	-4.32350000E+5	1.45000000E+2	8.52000000E+2	4.00500000E+1	4.00500000E+1	3.62047441E+0	1.16853933E+1	2.12734082E+1
9.64300000E+3	8.00237991E+1	-4.54930000E+5	-4.33044000E+5	1.34000000E+2	7.15000000E+2	4.00500000E+1	4.00500000E+1	3.34581773E+0	1.00374532E+1	1.78526841E+1
9.64325000E+3	8.00155768E+1	-4.55621000E+5	-4.33737000E+5	1.51000000E+2	7.67000000E+2	4.00500000E+1	4.00500000E+1	3.77028714E+0	1.10362047E+1	1.91510612E+1
9.64350000E+3	8.00073614E+1	-4.56311000E+5	-4.34430000E+5	1.24000000E+2	8.01000000E+2	4.00500000E+1	4.00500000E+1	3.09612984E+0	1.11360799E+1	2.00000000E+1
9.64375000E+3	7.99991530E+1	-4.57001000E+5	-4.35122000E+5	1.42000000E+2	7.23000000E+2	4.00510000E+1	4.00510000E+1	3.54547951E+0	1.06114704E+1	1.80519837E+1
9.64400000E+3	7.99909514E+1	-4.57689000E+5	-4.35813000E+5	1.58000000E+2	7.79000000E+2	4.00500000E+1	4.00500000E+1	3.94506866E+0	1.09363296E+1	1.94506866E+1
9.64425000E+3	7.99827568E+1	-4.58378000E+5	-4.36504000E+5	1.39000000E+2	7.55000000E+2	4.00500000E+1	4.00510000E+1	3.47057502E+0	1.06616729E+1	1.88514357E+1
9.64450000E+3	7.99745690E+1	-4.59065000E+5	-4.37194000E+5	1.68000000E+2	7.74000000E+2	4.00500000E+1	4.00500000E+1	4.19475655E+0	1.11610487E+1	1.93258427E+1
9.64475000E+3	7.99663881E+1	-4.59752000E+5	-4.37883000E+5	1.70000000E+2	8.11000000E+2	4.00500000E+1	4.00500000E+1	4.24469413E+0	1.15355805E+1	2.02496879E+1
9.64500000E+3	7.99582141E+1	-4.60439000E+5	-4.38572000E+5	1.30000000E+2	7.11000000E+2	4.00500000E+1	4.00500000E+1	3.24594257E+0	9.76279650E+0	1.77528090E+1
9.64525000E+3	7.99500469E+1	-4.61124000E+5	-4.39260000E+5	1.39000000E+2	7.56000000E+2	4.00490000E+1	4.00490000E+1	3.47074833E+0	1.08117556E+1	1.88768758E+1
9.64550000E+3	7.99418865E+1	-4.61809000E+5	-4.39947000E+5	1.76000000E+2	7.52000000E+2	4.00500000E+1	4.00500000E+1	4.39450687E+0	1.07865169E+1	1.87765293E+1
9.64575000E+3	7.99337329E+1	-4.62494000E+5	-4.40634000E+5	1.57000000E+2	7.70000000E+2	4.00500000E+1	4.00510000E+1	3.92000200E+0	1.08863920E+1	1.92259675E+1
9.64600000E+3	7.99255861E+1	-4.63178000E+5	-4.41320000E+5	1.96000000E+2	7.91000000E+2	4.00510000E+1	4.00520000E+1	4.89363827E+0	1.20845921E+1	1.97498190E+1
9.64625000E+3	7.99174461E+1	-4.63861000E+5	-4.42005000E+5	1.36000000E+2	7.32000000E+2	4.00500000E+1	4.00500000E+1	3.39575531E+0	1.07615481E+1	1.82771536E+1
9.64650000E+3	7.99093128E+1	-4.64543000E+5	-4.42690000E+5	1.67000000E+2	8.01000000E+2	4.00500000E+1	4.00500000E+1	4.16978777E+0	1.12609238E+1	2.00000000E+1
9.64675000E+3	7.99011863E+1	-4.65225000E+5	-4.43374000E+5	1.55000000E+2	7.53000000E+2	4.00510000E+1	4.00510000E+1	3.87006567E+0	1.10359292E+1	1.88010287E+1
9.64700000E+3	7.98930665E+1	-4.65906000E+5	-4.44058000E+5	1.79000000E+2	7.72000000E+2	4.00510000E+1	4.00510000E+1	4.46930164E+0	1.14104517E+1	1.92754238E+1
9.64725000E+3	7.98849534E+1	-4.66587000E+5	-4.44741000E+5	1.65000000E+2	7.71000000E+2	4.00510000E+1	4.00510000E+1	4.11974732E+0	1.15852288E+1	1.92504557E+1
9.64750000E+3	7.98768469E+1	-4.67267000E+5	-4.45423000E+5	1.74000000E+2	7.78000000E+2	4.00490000E+1	4.00500000E+1	4.34456929E+0	1.15358686E+1	1.94262029E+1
9.64775000E+3	7.98687472E+1	-4.67946000E+5	-4.46104000E+5	1.52000000E+2	7.92000000E+2	4.00500000E+1	4.00510000E+1	3.79516117E+0	1.15106117E+1	1.97752809E+1
9.64800000E+3	7.98606541E+1	-4.68625000E+5	-4.46785000E+5	1.63000000E+2	7.56000000E+2	4.00510000E+1	4.00510000E+1	4.06981099E+0	1.10608974E+1	1.88759332E+1
9.64825000E+3	7.98525676E+1	-4.69303000E+5	-4.47466000E+5	1.79000000E+2	8.16000000E+2	4.00500000E+1	4.00500000E+1	4.46941323E+0	1.15605493E+1	2.03745318E+1
9.64850000E+3	7.98444878E+1	-4.69980000E+5	-4.48146000E+5	1.42000000E+2	7.60000000E+2	4.00510000E+1	4.00520000E+1	3.54539099E+0	1.09110884E+1	1.89758058E+1
9.64875000E+3	7.98364146E+1	-4.70657000E+5	-4.48825000E+5	2.00000000E+2	8.23000000E+2	4.00500000E+1	4.00500000E+1	4.99375780E+0	1.23595506E+1	2.05493134E+1
9.64900000E+3	7.98283480E+1	-4.71333000E+5	-4.49503000E+5	2.04000000E+2	8.05000000E+2	4.00510000E+1	4.00520000E+1	5.09337861E+0	1.21345285E+1	2.00993733E+1
9.64925000E+3	7.98202880E+1	-4.72009000E+5	-4.50181000E+5	1.91000000E+2	8.01000000E+2	4.00500000E+1	4.00510000E+1	4.76891963E+0	1.20599251E+1	2.00000000E+1
9.64950000E+3	7.98122345E+1	-4.72684000E+5	-4.50858000E+5	1.64000000E+2	7.46000000E+2	4.00510000E+1	4.00510000E+1	4.09477916E+0	1.04866295E+1	1.86262515E+1
9.64975000E+3	7.98041876E+1	-4.73358000E+5	-4.51535000E+5	1.76000000E+2	7.70000000E+2	4.00510000E+1	4.00510000E+1	4.39439714E+0	1.10359292E+1	1.92254875E+1
9.65000000E+3	7.97961472E+1	-4.74032000E+5	-4.52211000E+5	2.09000000E+2	8.14000000E+2	4.00500000E+1	4.00510000E+1	5.21834661E+0	1.23595506E+1	2.03245943E+1
9.65025000E+3	7.97881134E+1	-4.74705000E+5	-4.52886000E+5	1.83000000E+2	7.24000000E+2	4.00520000E+1	4.00520000E+1	4.56906022E+0	1.06611405E+1	1.80765005E+1
9.65050000E+3	7.97800860E+1	-4.75377000E+5	-4.53561000E+5	2.09000000E+2	7.90000000E+2	4.00510000E+1	4.00510000E+1	5.21834661E+0	1.22344011E+1	1.97248508E+1
9.65075000E+3	7.97720652E+1	-4.76049000E+5	-4.54235000E+5	1.80000000E+2	7.76000000E+2	4.00520000E+1	4.00520000E+1	4.49415760E+0	1.14850694E+1	1.93748127E+1
9.65100000E+3	7.97640508E+1	-4.76720000E+5	-4.54909000E+5	1.95000000E+2	8.19000000E+2	4.00510000E+1	4.00510000E+1	4.86879229E+0	1.19347832E+1	2.04489276E+1
9.65125000E+3	7.97560429E+1	-4.77391000E+5	-4.55581000E+5	2.11000000E+2	8.47000000E+2	4.00510000E+1	4.00510000E+1	5.26828294E+0	1.26588600E+1	2.11480363E+1
9.65150000E+3	7.97480414E+1	-4.78061000E+5	-4.56254000E+5	1.88000000E+2	7.76000000E+2	4.00510000E+1	4.00510000E+1	4.69401513E+0	1.13105790E+1	1.93752965E+1
9.65175000E+3	7.97400464E+1	-4.78730000E+5	-4.56925000E+5	2.39000000E+2	8.22000000E+2	4.00500000E+1	4.00500000E+1	5.96754057E+0	1.31835206E+1	2.05243446E+1
9.65200000E+3	7.97320577E+1	-4.79399000E+5	-4.57597000E+5	2.16000000E+2	8.47000000E+2	4.00500000E+1	4.00500000E+1	5.39325843E+0	1.22846442E+1	2.11485643E+1
9.65225000E+3	7.97240755E+1	-4.80067000E+5	-4.58267000E+5	2.33000000E+2	8.24000000E+2	4.00500000E+1	4.00500000E+1	5.81772784E+0	1.27340824E+1	2.05742821E+1
9.65250000E+3	7.97160997E+1	-4.80735000E+5	-4.58937000E+5	2.16000000E+2	8.03000000E+2	4.00510000E+1	4.00510000E+1	5.39312377E+0	1.18598787E+1	2.00494370E+1
9.65275000E+3	7.97081302E+1	-4.81402000E+5	-4.59606000E+5	2.31000000E+2	8.61000000E+2	4.00510000E+1	4.00510000E+1	5.76764625E+0	1.33829368E+1	2.14975906E+1
9.65300000E+3	7.97001671E+1	-4.82068000E+5	-4.60275000E+5	2.22000000E+2	8.17000000E+2	4.00510000E+1	4.00510000E+1	5.54293276E+0	1.30583506E+1	2.03989913E+1
9.65325000E+3	7.96922103E+1	-4.82734000E+5	-4.60943000E+5	2.56000000E+2	8.77000000E+2	4.00500000E+1	4.00500000E+1	6.39200999E+0	1.38077403E+1	2.18976280E+1
9.65350000E+3	7.96842599E+1	-4.83399000E+5	-4.61610000E+5	2.51000000E+2	8.95000000E+2	4.00510000E+1	4.00510000E+1	6.26700956E+0	1.42068862E+1	2.23465082E+1
9.65375000E+3	7.96763158E+1	-4.84063000E+5	-4.62277000E+5	2.59000000E+2	9.31000000E+2	4.00500000E+1	4.00500000E+1	6.46691635E+0	1.41573034E+1	2.32459426E+1
9.65400000E+3	7.96683780E+1	-4.84727000E+5	-4.62943000E+5	3.09000000E+2	9.02000000E+2	4.00520000E+1	4.00520000E+1	7.71497054E+0	1.43813043E+1	2.25207231E+1
9.65425000E+3	7.96604465E+1	-4.85391000E+5	-4.63609000E+5	3.34000000E+2	9.60000000E+2	4.00500000E+1	4.00500000E+1	8.33957553E+0	1.60049938E+1	2.39700375E+1
9.65450000E+3	7.96525212E+1	-4.86053000E+5	-4.64274000E+5	3.44000000E+2	1.00400000E+3	4.00500000E+1	4.00500000E+1	8.58926342E+0	1.66042447E+1	2.50686642E+1
9.65475000E+3	7.96446022E+1	-4.86716000E+5	-4.64939000E+5	3.42000000E+2	9.48000000E+2	4.00500000E+1	4.00500000E+1	8.53932584E+0	1.59800250E+1	2.36704120E+1
9.65500000E+3	7.96366895E+1	-4.87377000E+5	-4.65602000E+5	4.03000000E+2	9.91000000E+2	4.00510000E+1	4.00510000E+1	1.00621707E+1	1.69284163E+1	2.47434521E+1
9.65525000E+3	7.96287830E+1	-4.88038000E+5	-4.66266000E+5	3.75000000E+2	1.00500000E+3	4.00500000E+1	4.00500000E+1	9.36329588E+0	1.64294632E+1	2.50936330E+1
9.65550000E+3	7.96208827E+1	-4.88698000E+5	-4.66928000E+5	4.40000000E+2	1.01700000E+3	4.00490000E+1	4.00490000E+1	1.09865415E+1	1.77282829E+1	2.53938925E+1
9.65575000E+3	7.96129886E+1	-4.89358000E+5	-4.67590000E+5	4.45000000E+2	1.05400000E+3	4.00510000E+1	4.00510000E+1	1.11108337E+1	1.75775886E+1	2.63164465E+1
9.65600000E+3	7.96051007E+1	-4.90017000E+5	-4.68252000E+5	4.38000000E+2	1.06200000E+3	4.00500000E+1	4.00500000E+1	1.09363296E+1	1.78526841E+1	2.65168539E+1
9.65625000E+3	7.95972189E+1	-4.90676000E+5	-4.68913000E+5	4.36000000E+2	1.02900000E+3	4.00500000E+1	4.00500000E+1	1.08863920E+1	1.78526841E+1	2.56928839E+1
9.65650000E+3	7.95893434E+1	-4.91334000E+5	-4.69573000E+5	4.87000000E+2	1.02800000E+3	4.00500000E+1	4.00500000E+1	1.21598002E+1	1.84269663E+1	2.56679151E+1
9.65675000E+3	7.95814739E+1	-4.91992000E+5	-4.70233000E+5	5.19000000E+2	1.09900000E+3	4.00520000E+1	4.00520000E+1	1.29581544E+1	1.92999101E+1	2.74393289E+1
9.65700000E+3	7.95736106E+1	-4.92648000E+5	-4.70892000E+5	5.09000000E+2	1.13800000E+3	4.00510000E+1	4.00510000E+1	1.27087963E+1	2.04239595E+1	2.84137724E+1
9.65725000E+3	7.95657535E+1	-4.93305000E+5	-4.71551000E+5	5.04000000E+2	1.09500000E+3	4.00500000E+1	4.00500000E+1	1.25842697E+1	1.89762797E+1	2.73408240E+1
9.65750000E+3	7.95579024E+1	-4.93960000E+5	-4.72209000E+5	5.17000000E+2	1.09900000E+3	4.00510000E+1	4.00510000E+1	1.29085416E+1	1.94751692E+1	2.74400140E+1
9.65775000E+3	7.95500575E+1	-4.94615000E+5	-4.72866000E+5	4.99000000E+2	1.07600000E+3	4.00500000E+1	4.00500000E+1	1.24594257E+1	1.84769039E+1	2.68664170E+1
9.65800000E+3	7.95422186E+1	-4.95270000E+5	-4.73523000E+5	5.06000000E+2	1.12100000E+3	4.00520000E+1	4.00520000E+1	1.26335764E+1	1.92499750E+1	2.79886148E+1
9.65825000E+3	7.95343858E+1	-4.95924000E+5	-4.74179000E+5	5.23000000E+2	1.09400000E+3	4.00510000E+1	4.00510000E+1	1.30583506E+1	1.93003920E+1	2.73151732E+1
9.65850000E+3	7.95265590E+1	-4.96577000E+5	-4.74835000E+5	5.19000000E+2	1.09100000E+3	4.00510000E+1	4.00510000E+1	1.29584779E+1	1.93253602E+1	2.72402687E+1
9.65875000E+3	7.95187383E+1	-4.97230000E+5	-4.75490000E+5	5.04000000E+2	1.09300000E+3	4.00500000E+1	4.00500000E+1	1.25842697E+1	1.92759051E+1	2.72908864E+1
9.65900000E+3	7.95109236E+1	-4.97882000E+5	-4.76145000E+5	5.48000000E+2	1.14000000E+3	4.00500000E+1	4.00500000E+1	1.36828964E+1	2.04744070E+1	2.84644195E+1
9.65925000E+3	7.95031149E+1	-4.98534000E+5	-4.76799000E+5	5.36000000E+2	1.11300000E+3	4.00500000E+1	4.00500000E+1	1.33832709E+1	1.99250936E+1	2.77902622E+1
9.65950000E+3	7.94953123E+1	-4.99185000E+5	-4.77452000E+5	5.62000000E+2	1.15700000E+3	4.00520000E+1	4.00520000E+1	1.40317587E+1	2.08978328E+1	2.88874463E+1
9.65975000E+3	7.94875156E+1	-4.99836000E+5	-4.78105000E+5	5.63000000E+2	1.20700000E+3	4.00510000E+1	4.00510000E+1	1.40570772E+1	2.12728771E+1	3.01365759E+1
9.66000000E+3	7.94797249E+1	-5.00486000E+5	-4.78757000E+5	6.27000000E+2	1.19800000E+3	4.00510000E+1	4.00510000E+1	1.56550398E+1	2.20468902E+1	2.99118624E+1
9.66025000E+3	7.94719401E+1	-5.01135000E+5	-4.79409000E+5	6.32000000E+2	1.24100000E+3	4.00500000E+1	4.00500000E+1	1.57802747E+1	2.29712859E+1	3.09862672E+1
9.66050000E+3	7.94641613E+1	-5.01784000E+5	-4.80060000E+5	6.34000000E+2	1.21700000E+3	4.00510000E+1	4.00500000E+1	1.58302122E+1	2.22466355E+1	3.03862575E+1
9.66075000E+3	7.94563884E+1	-5.02432000E+5	-4.80710000E+5	6.63000000E+2	1.22400000E+3	4.00500000E+1	4.00500000E+1	1.65543071E+1	2.28464419E+1	3.05617978E+1
9.66100000E+3	7.94486215E+1	-5.03080000E+5	-4.81360000E+5	6.40000000E+2	1.24600000E+3	4.00500000E+1	4.00500000E+1	1.59800250E+1	2.31710362E+1	3.11111111E+1
9.66125000E+3	7.94408605E+1	-5.03727000E+5	-4.82010000E+5	5.89000000E+2	1.19400000E+3	4.00500000E+1	4.00500000E+1	1.47066167E+1	2.11735331E+1	2.98127341E+1
9.66150000E+3	7.94331054E+1	-5.04374000E+5	-4.82659000E+5	6.61000000E+2	1.24100000E+3	4.00490000E+1	4.00490000E+1	1.65047816E+1	2.32964618E+1	3.09870409E+1
9.66175000E+3	7.94253561E+1	-5.05020000E+5	-4.83307000E+5	5.68000000E+2	1.15000000E+3	4.00500000E+1	4.00500000E+1	1.41822722E+1	2.09987516E+1	2.87141074E+1
9.66200000E+3	7.94176127E+1	-5.05665000E+5	-4.83955000E+5	5.46000000E+2	1.12800000E+3	4.00510000E+1	4.00500000E+1	1.36329588E+1	2.01992460E+1	2.81640908E+1
9.66225000E+3	7.94098752E+1	-5.06310000E+5	-4.84602000E+5	5.51000000E+2	1.08000000E+3	4.00500000E+1	4.00500000E+1	1.37578027E+1	2.01747815E+1	2.69662921E+1
9.66250000E+3	7.94021436E+1	-5.06954000E+5	-4.85249000E+5	4.98000000E+2	1.11000000E+3	4.00520000E+1	4.00520000E+1	1.24338360E+1	1.92250075E+1	2.77139718E+1
9.66275000E+3	7.93944177E+1	-5.07598000E+5	-4.85895000E+5	3.79000000E+2	9.56000000E+2	4.00500000E+1	4.00500000E+1	9.46317104E+0	1.57553059E+1	2.38701623E+1
9.66300000E+3	7.93866977E+1	-5.08241000E+5	-4.86540000E+5	4.22000000E+2	1.01900000E+3	4.00510000E+1	4.00510000E+1	1.05365659E+1	1.71031934E+1	2.54425607E+1
9.66325000E+3	7.93789835E+1	-5.08884000E+5	-4.87185000E+5	3.42000000E+2	9.69000000E+2	4.00510000E+1	4.00510000E+1	8.53911263E+0	1.55301990E+1	2.41941525E+1
9.66350000E+3	7.93712751E+1	-5.09526000E+5	-4.87830000E+5	3.37000000E+2	9.17000000E+2	4.00490000E+1	4.00500000E+1	8.41448190E+0	1.53561887E+1	2.28969512E+1
9.66375000E+3	7.93635725E+1	-5.10168000E+5	-4.88474000E+5	2.95000000E+2	8.59000000E+2	4.00500000E+1	4.00510000E+1	7.36560885E+0	1.32334582E+1	2.14481898E+1
9.66400000E+3	7.93558757E+1	-5.10809000E+5	-4.89117000E+5	2.98000000E+2	9.13000000E+2	4.00500000E+1	4.00500000E+1	7.44069913E+0	1.41573034E+1	2.27965044E+1
9.66425000E+3	7.93481846E+1	-5.11449000E+5	-4.89760000E+5	2.35000000E+2	8.02000000E+2	4.00510000E+1	4.00510000E+1	5.86751891E+0	1.22094330E+1	2.00244688E+1
9.66450000E+3	7.93404993E+1	-5.12089000E+5	-4.90402000E+5	2.55000000E+2	8.35000000E+2	4.00510000E+1	4.00510000E+1	6.36688223E+0	1.30084143E+1	2.08484183E+1
9.66475000E+3	7.93328197E+1	-5.12728000E+5	-4.91044000E+5	2.24000000E+2	8.46000000E+2	4.00500000E+1	4.00510000E+1	5.59286909E+0	1.26841448E+1	2.11235955E+1
9.66500000E+3	7.93251458E+1	-5.13367000E+5	-4.91685000E+5	1.88000000E+2	7.55000000E+2	4.00500000E+1	4.00500000E+1	4.69413233E+0	1.09612984E+1	1.88514357E+1
9.66525000E+3	7.93174777E+1	-5.14006000E+5	-4.92325000E+5	2.26000000E+2	8.52000000E+2	4.00500000E+1	4.00500000E+1	5.64294632E+0	1.25093633E+1	2.12734082E+1
9.66550000E+3	7.93098152E+1	-5.14643000E+5	-4.92965000E+5	1.81000000E+2	7.55000000E+2	4.00520000E+1	4.00520000E+1	4.51912514E+0	1.04364326E+1	1.88504944E+1
9.66575000E+3	7.93021585E+1	-5.15281000E+5	-4.93605000E+5	2.04000000E+2	8.36000000E+2	4.00500000E+1	4.00500000E+1	5.09363296E+0	1.18102372E+1	2.08739076E+1
9.66600000E+3	7.92945074E+1	-5.15917000E+5	-4.94244000E+5	1.90000000E+2	8.04000000E+2	4.00500000E+1	4.00500000E+1	4.74406991E+0	1.18102372E+1	2.00749064E+1
9.66625000E+3	7.92868620E+1	-5.16553000E+5	-4.94882000E+5	2.07000000E+2	8.01000000E+2	4.00500000E+1	4.00510000E+1	5.16841028E+0	1.24344569E+1	2.00000000E+1
9.66650000E+3	7.92792222E+1	-5.17189000E+5	-4.95520000E+5	1.70000000E+2	7.67000000E+2	4.00510000E+1	4.00510000E+1	4.24458815E+0	1.07363112E+1	1.91505830E+1
9.66675000E+3	7.92715881E+1	-5.17824000E+5	-4.96158000E+5	1.96000000E+2	8.09000000E+2	4.00500000E+1	4.00500000E+1	4.89388265E+0	1.23595506E+1	2.01997503E+1
9.66700000E+3	7.92639596E+1	-5.18459000E+5	-4.96794000E+5	2.02000000E+2	8.35000000E+2	4.00490000E+1	4.00500000E+1	5.04369538E+0	1.24097980E+1	2.08494594E+1
9.66725000E+3	7.92563367E+1	-5.19093000E+5	-4.97431000E+5	1.58000000E+2	7.53000000E+2	4.00490000E+1	4.00500000E+1	3.94506866E+0	1.04621838E+1	1.88019676E+1
9.66750000E+3	7.92487194E+1	-5.19726000E+5	-4.98066000E+5	1.75000000E+2	7.62000000E+2	4.00510000E+1	4.00510000E+1	4.36942898E+0	1.02868842E+1	1.90257422E+1
9.66775000E+3	7.92411078E+1	-5.20359000E+5	-4.98702000E+5	1.77000000E+2	7.55000000E+2	4.00500000E+1	4.00500000E+1	4.41947566E+0	1.14606742E+1	1.88514357E+1
9.66800000E+3	7.92335017E+1	-5.20991000E+5	-4.99336000E+5	1.74000000E+2	7.98000000E+2	4.00520000E+1	4.00520000E+1	4.34435234E+0	1.13851992E+1	1.99240987E+1
9.66825000E+3	7.92259011E+1	-5.21623000E+5	-4.99970000E+5	1.63000000E+2	7.66000000E+2	4.00510000E+1	4.00510000E+1	4.06981099E+0	1.08861202E+1	1.91256148E+1
9.66850000E+3	7.92183062E+1	-5.22254000E+5	-5.00604000E+5	1.61000000E+2	7.13000000E+2	4.00520000E+1	4.00520000E+1	4.01977429E+0	9.71237391E+0	1.78018576E+1
9.66875000E+3	7.92107168E+1	-5.22885000E+5	-5.01237000E+5	1.50000000E+2	7.24000000E+2	4.00510000E+1	4.00510000E+1	3.74522484E+0	1.01620434E+1	1.80769519E+1
9.66900000E+3	7.92031329E+1	-5.23515000E+5	-5.01870000E+5	1.62000000E+2	7.55000000E+2	4.00500000E+1	4.00510000E+1	4.04484283E+0	1.09363296E+1	1.88514357E+1
9.66925000E+3	7.91955545E+1	-5.24145000E+5	-5.02502000E+5	1.41000000E+2	7.25000000E+2	4.00490000E+1	4.00500000E+1	3.52059925E+0	9.76304028E+0	1.81028240E+1
9.66950000E+3	7.91879817E+1	-5.24774000E+5	-5.03133000E+5	1.48000000E+2	7.34000000E+2	4.00500000E+1	4.00510000E+1	3.69528851E+0	9.78776529E+0	1.83270911E+1
9.66975000E+3	7.91804143E+1	-5.25403000E+5	-5.03764000E+5	1.25000000E+2	6.84000000E+2	4.00490000E+1	4.00500000E+1	3.12109863E+0	8.73929436E+0	1.70790781E+1
9.67000000E+3	7.91728525E+1	-5.26031000E+5	-5.04395000E+5	1.20000000E+2	7.07000000E+2	4.00500000E+1	4.00510000E+1	2.99617987E+0	9.41323346E+0	1.76529338E+1
9.67025000E+3	7.91652961E+1	-5.26659000E+5	-5.05025000E+5	1.13000000E+2	7.09000000E+2	4.00500000E+1	4.00510000E+1	2.82140271E+0	9.16354557E+0	1.77028714E+1
9.67050000E+3	7.91577452E+1	-5.27286000E+5	-5.05654000E+5	1.19000000E+2	7.26000000E+2	4.00490000E+1	4.00500000E+1	2.97128589E+0	1.03623062E+1	1.81277935E+1
9.67075000E+3	7.91501998E+1	-5.27913000E+5	-5.06283000E+5	1.08000000E+2	6.79000000E+2	4.00510000E+1	4.00510000E+1	2.69656188E+0	8.58904896E+0	1.69533844E+1
9.67100000E+3	7.91426598E+1	-5.28539000E+5	-5.06911000E+5	1.11000000E+2	7.01000000E+2	4.00510000E+1	4.00510000E+1	2.77146638E+0	9.56280742E+0	1.75026841E+1
9.67125000E+3	7.91351252E+1	-5.29164000E+5	-5.07539000E+5	8.90000000E+1	6.37000000E+2	4.00490000E+1	4.00500000E+1	2.22222222E+0	8.38972259E+0	1.59055157E+1
9.67150000E+3	7.91275961E+1	-5.29789000E+5	-5.08166000E+5	9.90000000E+1	6.84000000E+2	4.00510000E+1	4.00510000E+1	2.47184839E+0	8.51414447E+0	1.70782253E+1
9.67175000E+3	7.91200724E+1	-5.30414000E+5	-5.08793000E+5	9.10000000E+1	6.92000000E+2	4.00500000E+1	4.00500000E+1	2.27215980E+0	8.88888889E+0	1.72784020E+1
9.67200000E+3	7.91125541E+1	-5.31038000E+5	-5.09420000E+5	8.00000000E+1	6.35000000E+2	4.00500000E+1	4.00500000E+1	1.99750312E+0	8.11485643E+0	1.58551810E+1
9.67225000E+3	7.91050411E+1	-5.31661000E+5	-5.10045000E+5	9.00000000E+1	6.40000000E+2	4.00500000E+1	4.00500000E+1	2.24719101E+0	8.51435705E+0	1.59800250E+1
9.67250000E+3	7.90975336E+1	-5.32284000E+5	-5.10671000E+5	8.70000000E+1	6.56000000E+2	4.00510000E+1	4.00510000E+1	2.17223041E+0	8.46420813E+0	1.63791166E+1
9.67275000E+3	7.90900314E+1	-5.32907000E+5	-5.11295000E+5	7.00000000E+1	6.64000000E+2	4.00510000E+1	4.00510000E+1	1.74777159E+0	7.84000399E+0	1.65788620E+1
9.67300000E+3	7.90825346E+1	-5.33529000E+5	-5.11920000E+5	7.30000000E+1	6.01000000E+2	4.00500000E+1	4.00500000E+1	1.82272160E+0	7.34082397E+0	1.50062422E+1
9.67325000E+3	7.90750431E+1	-5.34150000E+5	-5.12543000E+5	7.80000000E+1	6.95000000E+2	4.00500000E+1	4.00500000E+1	1.94756554E+0	8.66416979E+0	1.73533084E+1
9.67350000E+3	7.90675570E+1	-5.34771000E+5	-5.13167000E+5	6.50000000E+1	6.28000000E+2	4.00500000E+1	4.00510000E+1	1.62293076E+0	8.48938826E+0	1.56803995E+1
9.67375000E+3	7.90600762E+1	-5.35392000E+5	-5.13789000E+5	7.20000000E+1	6.87000000E+2	4.00490000E+1	4.00490000E+1	1.79779770E+0	8.71432495E+0	1.71539864E+1
9.67400000E+3	7.90526007E+1	-5.36011000E+5	-5.14412000E+5	5.40000000E+1	6.09000000E+2	4.00500000E+1	4.00510000E+1	1.34828094E+0	7.21598002E+0	1.52059925E+1
9.67425000E+3	7.90451305E+1	-5.36631000E+5	-5.15033000E+5	6.00000000E+1	6.27000000E+2	4.00500000E+1	4.00500000E+1	1.49812734E+0	8.41448190E+0	1.56554307E+1
9.67450000E+3	7.90376656E+1	-5.37250000E+5	-5.15654000E+5	5.70000000E+1	6.50000000E+2	4.00500000E+1	4.00500000E+1	1.42322097E+0	8.11485643E+0	1.62297129E+1
9.67475000E+3	7.90302060E+1	-5.37868000E+5	-5.16275000E+5	7.90000000E+1	6.83000000E+2	4.00510000E+1	4.00510000E+1	1.97248508E+0	8.38930364E+0	1.70532571E+1
9.67500000E+3	7.90227517E+1	-5.38486000E+5	-5.16895000E+5	6.30000000E+1	5.74000000E+2	4.00500000E+1	4.00510000E+1	1.57299443E+0	6.89138577E+0	1.43320849E+1
9.67525000E+3	7.90153026E+1	-5.39103000E+5	-5.17515000E+5	4.80000000E+1	6.42000000E+2	4.00520000E+1	4.00520000E+1	1.19844203E+0	7.96464596E+0	1.60291621E+1
9.67550000E+3	7.90078588E+1	-5.39720000E+5	-5.18134000E+5	6.30000000E+1	6.45000000E+2	4.00500000E+1	4.00500000E+1	1.57303371E+0	8.43945069E+0	1.61048689E+1
9.67575000E+3	7.90004202E+1	-5.40337000E+5	-5.18753000E+5	5.30000000E+1	6.01000000E+2	4.00500000E+1	4.00510000E+1	1.32331278E+0	6.86641698E+0	1.50062422E+1
9.67600000E+3	7.89929869E+1	-5.40953000E+5	-5.19371000E+5	5.20000000E+1	6.29000000E+2	4.00510000E+1	4.00520000E+1	1.29831219E+0	7.61529050E+0	1.57049762E+1
9.67625000E+3	7.89855588E+1	-5.41568000E+5	-5.19989000E+5	6.80000000E+1	6.74000000E+2	4.00510000E+1	4.00510000E+1	1.69783526E+0	7.86497216E+0	1.68285436E+1
9.67650000E+3	7.89781359E+1	-5.42183000E+5	-5.20606000E+5	5.70000000E+1	6.55000000E+2	4.00500000E+1	4.00500000E+1	1.42322097E+0	7.74032459E+0	1.63545568E+1
9.67675000E+3	7.89707181E+1	-5.42797000E+5	-5.21223000E+5	5.90000000E+1	6.23000000E+2	4.00510000E+1	4.00510000E+1	1.47312177E+0	7.16586352E+0	1.55551672E+1
9.67700000E+3	7.89633056E+1	-5.43411000E+5	-5.21839000E+5	6.50000000E+1	6.66000000E+2	4.00500000E+1	4.00500000E+1	1.62297129E+0	7.66541823E+0	1.66292135E+1
9.67725000E+3	7.89558983E+1	-5.44025000E+5	-5.22455000E+5	6.10000000E+1	6.14000000E+2	4.00490000E+1	4.00490000E+1	1.52313416E+0	7.49082374E+0	1.53312193E+1
9.67750000E+3	7.89484961E+1	-5.44638000E+5	-5.23070000E+5	6.00000000E+1	6.67000000E+2	4.00500000E+1	4.00510000E+1	1.49808994E+0	8.03995006E+0	1.66541823E+1
9.67775000E+3	7.89410991E+1	-5.45250000E+5	-5.23684000E+5	4.80000000E+1	5.94000000E+2	4.00510000E+1	4.00510000E+1	1.19847195E+0	7.51541784E+0	1.48310904E+1
9.67800000E+3	7.89337072E+1	-5.45862000E+5	-5.24299000E+5	5.30000000E+1	6.29000000E+2	4.00510000E+1	4.00510000E+1	1.32331278E+0	7.79006766E+0	1.57049762E+1
9.67825000E+3	7.89263205E+1	-5.46473000E+5	-5.24912000E+5	5.70000000E+1	6.33000000E+2	4.00500000E+1	4.00500000E+1	1.42322097E+0	7.21598002E+0	1.58052434E+1
9.67850000E+3	7.89189389E+1	-5.47084000E+5	-5.25526000E+5	6.60000000E+1	6.10000000E+2	4.00510000E+1	4.00510000E+1	1.64789893E+0	7.54038601E+0	1.52305810E+1
9.67875000E+3	7.89115625E+1	-5.47695000E+5	-5.26138000E+5	6.00000000E+1	6.07000000E+2	4.00510000E+1	4.00510000E+1	1.49808994E+0	7.09095903E+0	1.51556765E+1
9.67900000E+3	7.89041911E+1	-5.48305000E+5	-5.26751000E+5	6.00000000E+1	6.64000000E+2	4.00500000E+1	4.00500000E+1	1.49812734E+0	7.86516854E+0	1.65792759E+1
9.67925000E+3	7.88968248E+1	-5.48914000E+5	-5.27362000E+5	6.30000000E+1	6.26000000E+2	4.00500000E+1	4.00500000E+1	1.57303371E+0	7.46566792E+0	1.56304619E+1
9.67950000E+3	7.88894637E+1	-5.49523000E+5	-5.27974000E+5	7.30000000E+1	6.49000000E+2	4.00510000E+1	4.00520000E+1	1.82263058E+0	7.59032234E+0	1.62043395E+1
9.67975000E+3	7.88821076E+1	-5.50132000E+5	-5.28585000E+5	6.10000000E+1	6.37000000E+2	4.00510000E+1	4.00520000E+1	1.52302007E+0	7.88994033E+0	1.59047215E+1
9.68000000E+3	7.88747565E+1	-5.50740000E+5	-5.29195000E+5	4.00000000E+0	7.30000000E+1	4.05100000E+0	4.05200000E+0	9.87166831E-1	8.14613676E+0	1.80202419E+1
9.68025000E+3	7.88674106E+1	-5.51347000E+5	-5.29805000E+5	2.00000000E+0	6.00000000E+1	4.04900000E+0	4.04900000E+0	4.93949123E-1	6.42133860E+0	1.48184737E+1
9.68050000E+3	7.88600697E+1	-5.51954000E+5	-5.30414000E+5	2.00000000E+0	6.20000000E+1	4.05100000E+0	4.05100000E+0	4.93705258E-1	7.15872624E+0	1.53048630E+1
9.68075000E+3	7.88527338E+1	-5.52561000E+5	-5.31023000E+5	2.00000000E+0	5.60000000E+1	4.05100000E+0	4.05200000E+0	4.93583416E-1	7.15872624E+0	1.38237472E+1
9.68100000E+3	7.88454030E+1	-5.53167000E+5	-5.31631000E+5	8.00000000E+0	6.20000000E+1	4.05100000E+0	4.05100000E+0	1.97482103E+0	7.40557887E+0	1.53048630E+1
9.68125000E+3	7.88380771E+1	-5.53773000E+5	-5.32239000E+5	5.00000000E+0	5.60000000E+1	4.04900000E+0	4.04900000E+0	1.23487281E+0	7.40923685E+0	1.38305755E+1
9.68150000E+3	7.88307563E+1	-5.54378000E+5	-5.32847000E+5	9.00000000E+0	6.40000000E+1	4.05000000E+0	4.05000000E+0	2.22222222E+0	9.38271605E+0	1.58024691E+1
9.68175000E+3	7.88234405E+1	-5.54982000E+5	-5.33454000E+5	5.00000000E+0	5.30000000E+1	4.05000000E+0	4.05000000E+0	1.23456790E+0	8.14814815E+0	1.30864198E+1
9.68200000E+3	7.88161297E+1	-5.55587000E+5	-5.34060000E+5	8.00000000E+0	7.00000000E+1	4.05000000E+0	4.05100000E+0	1.97482103E+0	8.88888889E+0	1.72839506E+1
9.68225000E+3	7.88088239E+1	-5.56190000E+5	-5.34666000E+5	9.00000000E+0	6.30000000E+1	4.05100000E+0	4.05200000E+0	2.22112537E+0	8.63984201E+0	1.55517156E+1
9.68250000E+3	7.88015230E+1	-5.56794000E+5	-5.35272000E+5	6.00000000E+0	5.70000000E+1	4.04900000E+0	4.05000000E+0	1.48148148E+0	5.92738948E+0	1.40775500E+1
9.68275000E+3	7.87942271E+1	-5.57396000E+5	-5.35877000E+5	1.00000000E+1	6.40000000E+1	4.04900000E+0	4.05000000E+0	2.46913580E+0	9.13805878E+0	1.58063719E+1
9.68300000E+3	7.87869362E+1	-5.57999000E+5	-5.36481000E+5	8.00000000E+0	6.70000000E+1	4.04900000E+0	4.04900000E+0	1.97579649E+0	8.15016053E+0	1.65472956E+1
9.68325000E+3	7.87796502E+1	-5.58600000E+5	-5.37085000E+5	9.00000000E+0	7.70000000E+1	4.05000000E+0	4.05000000E+0	2.22222222E+0	7.90123457E+0	1.90123457E+1
9.68350000E+3	7.87723691E+1	-5.59202000E+5	-5.37689000E+5	5.00000000E+0	6.40000000E+1	4.05000000E+0	4.05100000E+0	1.23426314E+0	8.64197531E+0	1.58024691E+1
9.68375000E+3	7.87650930E+1	-5.59803000E+5	-5.38292000E+5	6.00000000E+0	6.10000000E+1	4.04900000E+0	4.05000000E+0	1.48148148E+0	7.65621141E+0	1.50654483E+1
9.68400000E+3	7.87578217E+1	-5.60403000E+5	-5.38895000E+5	1.30000000E+1	6.40000000E+1	4.04900000E+0	4.05000000E+0	3.20987654E+0	9.38503334E+0	1.58063719E+1
9.68425000E+3	7.87505554E+1	-5.61003000E+5	-5.39497000E+5	7.00000000E+0	7.30000000E+1	4.04900000E+0	4.05000000E+0	1.72839506E+0	7.65621141E+0	1.80291430E+1
9.68450000E+3	7.87432940E+1	-5.61602000E+5	-5.40099000E+5	4.00000000E+0	6.80000000E+1	4.04900000E+0	4.05000000E+0	9.87654321E-1	6.42133860E+0	1.67942702E+1
9.68475000E+3	7.87360375E+1	-5.62201000E+5	-5.40700000E+5	5.00000000E+0	7.10000000E+1	4.05000000E+0	4.05100000E+0	1.23426314E+0	6.41975309E+0	1.75308642E+1
9.68500000E+3	7.87287858E+1	-5.62800000E+5	-5.41301000E+5	7.00000000E+0	5.60000000E+1	4.05000000E+0	4.05000000E+0	1.72839506E+0	5.67901235E+0	1.38271605E+1
9.68525000E+3	7.87215391E+1	-5.63398000E+5	-5.41901000E+5	5.00000000E+0	6.10000000E+1	4.04900000E+0	4.05000000E+0	1.23456790E+0	6.17436404E+0	1.50654483E+1
9.68550000E+3	7.87142971E+1	-5.63995000E+5	-5.42501000E+5	2.00000000E+0	5.60000000E+1	4.05000000E+0	4.05100000E+0	4.93705258E-1	5.43209877E+0	1.38271605E+1
9.68575000E+3	7.87070601E+1	-5.64593000E+5	-5.43100000E+5	7.00000000E+0	7.00000000E+1	4.05000000E+0	4.05000000E+0	1.72839506E+0	8.88888889E+0	1.72839506E+1
9.68600000E+3	7.86998278E+1	-5.65189000E+5	-5.43699000E+5	5.00000000E+0	7.40000000E+1	4.05000000E+0	4.05000000E+0	1.23456790E+0	5.67901235E+0	1.82716049E+1
9.68625000E+3	7.86926004E+1	-5.65785000E+5	-5.44298000E+5	3.00000000E+0	6.80000000E+1	4.04900000E+0	4.05000000E+0	7.40740741E-1	5.43344036E+0	1.67942702E+1
9.68650000E+3	7.86853779E+1	-5.66381000E+5	-5.44896000E+5	7.00000000E+0	6.70000000E+1	4.05000000E+0	4.05000000E+0	1.72839506E+0	6.91358025E+0	1.65432099E+1
9.68675000E+3	7.86781601E+1	-5.66976000E+5	-5.45493000E+5	4.00000000E+0	5.60000000E+1	4.04900000E+0	4.05000000E+0	9.87654321E-1	5.68041492E+0	1.38305755E+1
9.68700000E+3	7.86709472E+1	-5.67571000E+5	-5.46090000E+5	5.00000000E+0	6.80000000E+1	4.04900000E+0	4.05000000E+0	1.23456790E+0	7.40923685E+0	1.67942702E+1
9.68725000E+3	7.86637390E+1	-5.68166000E+5	-5.46687000E+5	3.00000000E+0	6.20000000E+1	4.04900000E+0	4.05000000E+0	7.40740741E-1	4.93949123E+0	1.53124228E+1
9.68750000E+3	7.86565357E+1	-5.68759000E+5	-5.47283000E+5	2.00000000E+0	4.80000000E+1	4.05000000E+0	4.05000000E+0	4.93827160E-1	6.41975309E+0	1.18518519E+1
9.68775000E+3	7.86493371E+1	-5.69353000E+5	-5.47879000E+5	6.00000000E+0	6.20000000E+1	4.05000000E+0	4.05000000E+0	1.48148148E+0	7.90123457E+0	1.53086420E+1
9.68800000E+3	7.86421433E+1	-5.69946000E+5	-5.48474000E+5	6.00000000E+0	6.40000000E+1	4.05000000E+0	4.05100000E+0	1.48111577E+0	6.91358025E+0	1.58024691E+1
9.68825000E+3	7.86349542E+1	-5.70538000E+5	-5.49069000E+5	5.00000000E+0	5.20000000E+1	4.04900000E+0	4.04900000E+0	1.23487281E+0	5.92738948E+0	1.28426772E+1
9.68850000E+3	7.86277699E+1	-5.71130000E+5	-5.49663000E+5	3.00000000E+0	6.00000000E+1	4.05200000E+0	4.05200000E+0	7.40375123E-1	6.16979269E+0	1.48075025E+1
9.68875000E+3	7.86205904E+1	-5.71722000E+5	-5.50257000E+5	2.00000000E+0	5.80000000E+1	4.04800000E+0	4.04900000E+0	4.93949123E-1	6.42292490E+0	1.43280632E+1
9.68900000E+3	7.86134155E+1	-5.72313000E+5	-5.50851000E+5	4.00000000E+0	5.50000000E+1	4.05000000E+0	4.05000000E+0	9.87654321E-1	4.19753086E+0	1.35802469E+1
9.68925000E+3	7.86062455E+1	-5.72904000E+5	-5.51444000E+5	6.00000000E+0	6.70000000E+1	4.05000000E+0	4.05000000E+0	1.48148148E+0	7.16049383E+0	1.65432099E+1
9.68950000E+3	7.85990801E+1	-5.73494000E+5	-5.52036000E+5	6.00000000E+0	6.10000000E+1	4.05000000E+0	4.05000000E+0	1.48148148E+0	7.65432099E+0	1.50617284E+1
9.68975000E+3	7.85919194E+1	-5.74084000E+5	-5.52628000E+5	2.00000000E+0	7.70000000E+1	4.05000000E+0	4.05000000E+0	4.93827160E-1	8.64197531E+0	1.90123457E+1
9.69000000E+3	7.85847634E+1	-5.74673000E+5	-5.53220000E+5	9.00000000E+0	6.60000000E+1	4.04900000E+0	4.05000000E+0	2.22222222E+0	8.89108422E+0	1.63003211E+1
9.69025000E+3	7.85776122E+1	-5.75262000E+5	-5.53811000E+5	2.00000000E+0	5.90000000E+1	4.04900000E+0	4.04900000E+0	4.93949123E-1	7.65621141E+0	1.45714991E+1
9.69050000E+3	7.85704656E+1	-5.75851000E+5	-5.54402000E+5	5.00000000E+0	5.80000000E+1	4.05000000E+0	4.05000000E+0	1.23456790E+0	6.66666667E+0	1.43209877E+1
9.69075000E+3	7.85633237E+1	-5.76439000E+5	-5.54992000E+5	5.00000000E+0	6.80000000E+1	4.05000000E+0	4.05100000E+0	1.23426314E+0	7.40740741E+0	1.67901235E+1
9.69100000E+3	7.85561864E+1	-5.77026000E+5	-5.55582000E+5	9.00000000E+0	5.20000000E+1	4.05000000E+0	4.05000000E+0	2.22222222E+0	6.17283951E+0	1.28395062E+1
9.69125000E+3	7.85490538E+1	-5.77613000E+5	-5.56171000E+5	3.00000000E+0	5.60000000E+1	4.04900000E+0	4.04900000E+0	7.40923685E-1	5.68041492E+0	1.38305755E+1
9.69150000E+3	7.85419259E+1	-5.78200000E+5	-5.56760000E+5	4.00000000E+0	4.40000000E+1	4.05000000E+0	4.05000000E+0	9.87654321E-1	3.70370370E+0	1.08641975E+1
9.69175000E+3	7.85348026E+1	-5.78786000E+5	-5.57349000E+5	6.00000000E+0	6.80000000E+1	4.05000000E+0	4.05000000E+0	1.48148148E+0	7.90123457E+0	1.67901235E+1
9.69200000E+3	7.85276839E+1	-5.79372000E+5	-5.57937000E+5	6.00000000E+0	5.90000000E+1	4.04900000E+0	4.04900000E+0	1.48184737E+0	6.66831316E+0	1.45714991E+1
9.69225000E+3	7.85205698E+1	-5.79957000E+5	-5.58524000E+5	4.00000000E+0	5.80000000E+1	4.04900000E+0	4.05000000E+0	9.87654321E-1	5.92738948E+0	1.43245246E+1
9.69250000E+3	7.85134604E+1	-5.80542000E+5	-5.59112000E+5	8.00000000E+0	6.80000000E+1	4.05000000E+0	4.05000000E+0	1.97530864E+0	7.90123457E+0	1.67901235E+1
9.69275000E+3	7.85063556E+1	-5.81127000E+5	-5.59698000E+5	5.00000000E+0	5.70000000E+1	4.05000000E+0	4.05000000E+0	1.23456790E+0	6.66666667E+0	1.40740741E+1
9.69300000E+3	7.84992553E+1	-5.81711000E+5	-5.60285000E+5	4.00000000E+0	5.90000000E+1	4.05000000E+0	4.05000000E+0	9.87654321E-1	7.16049383E+0	1.45679012E+1
9.69325000E+3	7.84921597E+1	-5.82294000E+5	-5.60870000E+5	6.00000000E+0	6.00000000E+1	4.04900000E+0	4.05000000E+0	1.48148148E+0	7.16226229E+0	1.48184737E+1
9.69350000E+3	7.84850686E+1	-5.82877000E+5	-5.61456000E+5	5.00000000E+0	6.80000000E+1	4.04800000E+0	4.04900000E+0	1.23487281E+0	7.41106719E+0	1.67984190E+1
9.69375000E+3	7.84779821E+1	-5.83460000E+5	-5.62041000E+5	6.00000000E+0	6.00000000E+1	4.04900000E+0	4.04900000E+0	1.48184737E+0	5.68041492E+0	1.48184737E+1
9.69400000E+3	7.84709002E+1	-5.84042000E+5	-5.62625000E+5	5.00000000E+0	6.30000000E+1	4.05000000E+0	4.05000000E+0	1.23456790E+0	8.39506173E+0	1.55555556E+1
9.69425000E+3	7.84638228E+1	-5.84624000E+5	-5.63209000E+5	3.00000000E+0	6.70000000E+1	4.04900000E+0	4.04900000E+0	7.40923685E-1	6.42133860E+0	1.65472956E+1
9.69450000E+3	7.84567500E+1	-5.85205000E+5	-5.63793000E+5	7.00000000E+0	5.10000000E+1	4.05200000E+0	4.05200000E+0	1.72754195E+0	6.41658440E+0	1.25863771E+1
9.69475000E+3	7.84496817E+1	-5.85786000E+5	-5.64376000E+5	7.00000000E+0	5.60000000E+1	4.05000000E+0	4.05000000E+0	1.72839506E+0	6.66666667E+0	1.38271605E+1
9.69500000E+3	7.84426180E+1	-5.86367000E+5	-5.64959000E+5	4.00000000E+0	6.40000000E+1	4.04900000E+0	4.05000000E+0	9.87654321E-1	7.16226229E+0	1.58063719E+1
9.69525000E+3	7.84355588E+1	-5.86947000E+5	-5.65541000E+5	0.00000000E+0	5.60000000E+1	4.05100000E+0	4.05200000E+0	0.00000000E+0	6.41816835E+0	1.38237472E+1
9.69550000E+3	7.84285041E+1	-5.87526000E+5	-5.66123000E+5	1.00000000E+0	5.60000000E+1	4.05000000E+0	4.05000000E+0	2.46913580E-1	5.18518519E+0	1.38271605E+1
9.69575000E+3	7.84214539E+1	-5.88106000E+5	-5.66705000E+5	6.00000000E+0	6.60000000E+1	4.04900000E+0	4.04900000E+0	1.48184737E+0	7.40923685E+0	1.63003211E+1
9.69600000E+3	7.84144082E+1	-5.88684000E+5	-5.67286000E+5	4.00000000E+0	6.20000000E+1	4.05000000E+0	4.05000000E+0	9.87654321E-1	8.88888889E+0	1.53086420E+1
9.69625000E+3	7.84073669E+1	-5.89263000E+5	-5.67866000E+5	6.00000000E+0	5.80000000E+1	4.05000000E+0	4.05100000E+0	1.48111577E+0	6.41975309E+0	1.43209877E+1
9.69650000E+3	7.84003302E+1	-5.89841000E+5	-5.68447000E+5	6.00000000E+0	6.50000000E+1	4.04900000E+0	4.05000000E+0	1.48148148E+0	6.91528773E+0	1.60533465E+1
9.69675000E+3	7.83932980E+1	-5.90418000E+5	-5.69026000E+5	5.00000000E+0	5.60000000E+1	4.04900000E+0	4.05000000E+0	1.23456790E+0	6.66831316E+0	1.38305755E+1
9.69700000E+3	7.83862702E+1	-5.90995000E+5	-5.69606000E+5	4.00000000E+0	6.30000000E+1	4.04900000E+0	4.04900000E+0	9.87898246E-1	8.39713510E+0	1.55593974E+1
9.69725000E+3	7.83792469E+1	-5.91572000E+5	-5.70185000E+5	3.00000000E+0	6.10000000E+1	4.04900000E+0	4.05000000E+0	7.40740741E-1	7.16226229E+0	1.50654483E+1
9.69750000E+3	7.83722280E+1	-5.92148000E+5	-5.70763000E+5	4.00000000E+0	4.90000000E+1	4.04900000E+0	4.05000000E+0	9.87654321E-1	4.69251667E+0	1.21017535E+1
9.69775000E+3	7.83652136E+1	-5.92724000E+5	-5.71341000E+5	5.00000000E+0	6.10000000E+1	4.05100000E+0	4.05100000E+0	1.23426314E+0	5.67761047E+0	1.50580104E+1
9.69800000E+3	7.83582036E+1	-5.93299000E+5	-5.71919000E+5	2.00000000E+0	7.20000000E+1	4.04900000E+0	4.05000000E+0	4.93827160E-1	7.65621141E+0	1.77821684E+1
9.69825000E+3	7.83511980E+1	-5.93874000E+5	-5.72496000E+5	4.00000000E+0	6.20000000E+1	4.05000000E+0	4.05000000E+0	9.87654321E-1	7.16049383E+0	1.53086420E+1
9.69850000E+3	7.83441969E+1	-5.94448000E+5	-5.73073000E+5	4.00000000E+0	6.20000000E+1	4.04800000E+0	4.04900000E+0	9.87898246E-1	6.42292490E+0	1.53162055E+1
9.69875000E+3	7.83372001E+1	-5.95023000E+5	-5.73649000E+5	2.00000000E+0	6.60000000E+1	4.04800000E+0	4.04800000E+0	4.94071146E-1	4.44664032E+0	1.63043478E+1
9.69900000E+3	7.83302078E+1	-5.95596000E+5	-5.74225000E+5	3.00000000E+0	5.70000000E+1	4.05000000E+0	4.05000000E+0	7.40740741E-1	6.41975309E+0	1.40740741E+1
9.69925000E+3	7.83232199E+1	-5.96169000E+5	-5.74800000E+5	3.00000000E+0	5.50000000E+1	4.05000000E+0	4.05000000E+0	7.40740741E-1	6.41975309E+0	1.35802469E+1
9.69950000E+3	7.83162363E+1	-5.96742000E+5	-5.75375000E+5	3.00000000E+0	5.40000000E+1	4.04900000E+0	4.04900000E+0	7.40923685E-1	5.18646579E+0	1.33366263E+1
9.69975000E+3	7.83092572E+1	-5.97315000E+5	-5.75950000E+5	1.00000000E+0	6.30000000E+1	4.05000000E+0	4.05000000E+0	2.46913580E-1	5.67901235E+0	1.55555556E+1
9.70000000E+3	7.83022824E+1	-5.97886000E+5	-5.76524000E+5	6.00000000E+0	6.30000000E+1	4.05000000E+0	4.05000000E+0	1.48148148E+0	5.18518519E+0	1.55555556E+1
