Zn-XES Kbeta and VTC 
1molal ZnCl2 loaded in PEEK cell mounted in temp stage, at 25C
Ge555, Pd target, det offset = 0.145
35kV 2.0 mA
***************************
Energy_(eV)	theta_(deg)	source_(ustep)	detect_(ustep)	ROI_counts	total_counts	real_time	live_time	cnts_per_live	ICR_(cnts/sec)	OCR_(cnts/sec)
9.55000000E+3	8.36932055E+1	-1.30004000E+5	-1.17319000E+5	2.10000000E+1	7.80000000E+1	4.05000000E+0	4.05000000E+0	5.18518519E+0	6.41975309E+0	1.92592593E+1
9.55025000E+3	8.36799558E+1	-1.31163000E+5	-1.18479000E+5	2.10000000E+1	7.20000000E+1	4.05100000E+0	4.05100000E+0	5.18390521E+0	6.41816835E+0	1.77733893E+1
9.55050000E+3	8.36667338E+1	-1.32318000E+5	-1.19636000E+5	1.70000000E+1	4.50000000E+1	4.05100000E+0	4.05100000E+0	4.19649469E+0	4.69019995E+0	1.11083683E+1
9.55075000E+3	8.36535393E+1	-1.33472000E+5	-1.20790000E+5	1.70000000E+1	7.00000000E+1	4.04900000E+0	4.04900000E+0	4.19856755E+0	5.43344036E+0	1.72882193E+1
9.55100000E+3	8.36403722E+1	-1.34623000E+5	-1.21943000E+5	1.80000000E+1	5.50000000E+1	4.05000000E+0	4.05000000E+0	4.44444444E+0	5.67901235E+0	1.35802469E+1
9.55125000E+3	8.36272322E+1	-1.35771000E+5	-1.23092000E+5	2.50000000E+1	6.70000000E+1	4.05000000E+0	4.05100000E+0	6.17131572E+0	7.90123457E+0	1.65432099E+1
9.55150000E+3	8.36141192E+1	-1.36917000E+5	-1.24239000E+5	2.20000000E+1	7.20000000E+1	4.05100000E+0	4.05100000E+0	5.43075784E+0	6.41816835E+0	1.77733893E+1
9.55175000E+3	8.36010331E+1	-1.38060000E+5	-1.25384000E+5	2.60000000E+1	7.40000000E+1	4.05000000E+0	4.05100000E+0	6.41816835E+0	8.39506173E+0	1.82716049E+1
9.55200000E+3	8.35879737E+1	-1.39201000E+5	-1.26526000E+5	2.40000000E+1	9.30000000E+1	4.04900000E+0	4.04900000E+0	5.92738948E+0	9.13805878E+0	2.29686342E+1
9.55225000E+3	8.35749407E+1	-1.40340000E+5	-1.27666000E+5	2.10000000E+1	6.20000000E+1	4.05000000E+0	4.05100000E+0	5.18390521E+0	7.40740741E+0	1.53086420E+1
9.55250000E+3	8.35619342E+1	-1.41476000E+5	-1.28804000E+5	3.10000000E+1	6.40000000E+1	4.05000000E+0	4.05000000E+0	7.65432099E+0	9.13580247E+0	1.58024691E+1
9.55275000E+3	8.35489539E+1	-1.42609000E+5	-1.29939000E+5	1.90000000E+1	6.20000000E+1	4.05000000E+0	4.05000000E+0	4.69135802E+0	6.41975309E+0	1.53086420E+1
9.55300000E+3	8.35359996E+1	-1.43741000E+5	-1.31071000E+5	2.00000000E+1	6.40000000E+1	4.05000000E+0	4.05000000E+0	4.93827160E+0	6.41975309E+0	1.58024691E+1
9.55325000E+3	8.35230712E+1	-1.44869000E+5	-1.32201000E+5	1.80000000E+1	6.30000000E+1	4.05000000E+0	4.05100000E+0	4.44334732E+0	5.43209877E+0	1.55555556E+1
9.55350000E+3	8.35101686E+1	-1.45996000E+5	-1.33329000E+5	2.40000000E+1	6.10000000E+1	4.05100000E+0	4.05100000E+0	5.92446310E+0	7.15872624E+0	1.50580104E+1
9.55375000E+3	8.34972916E+1	-1.47120000E+5	-1.34455000E+5	1.40000000E+1	5.60000000E+1	4.05100000E+0	4.05200000E+0	3.45508391E+0	4.69019995E+0	1.38237472E+1
9.55400000E+3	8.34844401E+1	-1.48242000E+5	-1.35578000E+5	2.90000000E+1	8.00000000E+1	4.05100000E+0	4.05200000E+0	7.15695953E+0	9.38039990E+0	1.97482103E+1
9.55425000E+3	8.34716138E+1	-1.49361000E+5	-1.36699000E+5	1.50000000E+1	5.00000000E+1	4.04900000E+0	4.05000000E+0	3.70370370E+0	5.43344036E+0	1.23487281E+1
9.55450000E+3	8.34588128E+1	-1.50479000E+5	-1.37817000E+5	2.70000000E+1	7.60000000E+1	4.05000000E+0	4.05100000E+0	6.66502098E+0	1.01234568E+1	1.87654321E+1
9.55475000E+3	8.34460367E+1	-1.51594000E+5	-1.38933000E+5	2.50000000E+1	8.10000000E+1	4.05000000E+0	4.05100000E+0	6.17131572E+0	8.64197531E+0	2.00000000E+1
9.55500000E+3	8.34332855E+1	-1.52706000E+5	-1.40047000E+5	3.60000000E+1	8.60000000E+1	4.05100000E+0	4.05100000E+0	8.88669464E+0	1.01209578E+1	2.12293261E+1
9.55525000E+3	8.34205591E+1	-1.53816000E+5	-1.41159000E+5	3.50000000E+1	8.00000000E+1	4.05000000E+0	4.05000000E+0	8.64197531E+0	1.08641975E+1	1.97530864E+1
9.55550000E+3	8.34078572E+1	-1.54924000E+5	-1.42268000E+5	3.20000000E+1	8.00000000E+1	4.05000000E+0	4.05000000E+0	7.90123457E+0	9.87654321E+0	1.97530864E+1
9.55575000E+3	8.33951798E+1	-1.56030000E+5	-1.43376000E+5	2.50000000E+1	7.20000000E+1	4.05000000E+0	4.05100000E+0	6.17131572E+0	9.38271605E+0	1.77777778E+1
9.55600000E+3	8.33825267E+1	-1.57134000E+5	-1.44480000E+5	3.30000000E+1	8.60000000E+1	4.04900000E+0	4.05000000E+0	8.14814815E+0	9.87898246E+0	2.12398123E+1
9.55625000E+3	8.33698978E+1	-1.58235000E+5	-1.45583000E+5	2.80000000E+1	6.70000000E+1	4.05100000E+0	4.05100000E+0	6.91187361E+0	8.63984201E+0	1.65391261E+1
9.55650000E+3	8.33572930E+1	-1.59334000E+5	-1.46684000E+5	4.30000000E+1	8.90000000E+1	4.04900000E+0	4.05000000E+0	1.06172840E+1	1.25957026E+1	2.19807360E+1
9.55675000E+3	8.33447120E+1	-1.60431000E+5	-1.47782000E+5	3.70000000E+1	7.60000000E+1	4.05000000E+0	4.05100000E+0	9.13354727E+0	1.06172840E+1	1.87654321E+1
9.55700000E+3	8.33321549E+1	-1.61526000E+5	-1.48878000E+5	3.40000000E+1	8.20000000E+1	4.05000000E+0	4.05100000E+0	8.39298939E+0	1.13580247E+1	2.02469136E+1
9.55725000E+3	8.33196214E+1	-1.62618000E+5	-1.49972000E+5	3.50000000E+1	7.20000000E+1	4.05000000E+0	4.05100000E+0	8.63984201E+0	9.13580247E+0	1.77777778E+1
9.55750000E+3	8.33071114E+1	-1.63709000E+5	-1.51063000E+5	4.20000000E+1	7.70000000E+1	4.04900000E+0	4.05000000E+0	1.03703704E+1	1.16078044E+1	1.90170412E+1
9.55775000E+3	8.32946248E+1	-1.64797000E+5	-1.52153000E+5	4.10000000E+1	8.00000000E+1	4.05100000E+0	4.05100000E+0	1.01209578E+1	1.16020736E+1	1.97482103E+1
9.55800000E+3	8.32821614E+1	-1.65883000E+5	-1.53240000E+5	4.30000000E+1	8.60000000E+1	4.04900000E+0	4.05000000E+0	1.06172840E+1	1.18547790E+1	2.12398123E+1
9.55825000E+3	8.32697212E+1	-1.66967000E+5	-1.54326000E+5	3.90000000E+1	8.50000000E+1	4.04900000E+0	4.04900000E+0	9.63200790E+0	1.11138553E+1	2.09928377E+1
9.55850000E+3	8.32573040E+1	-1.68049000E+5	-1.55409000E+5	4.30000000E+1	9.70000000E+1	4.05000000E+0	4.05100000E+0	1.06146630E+1	1.18518519E+1	2.39506173E+1
9.55875000E+3	8.32449097E+1	-1.69129000E+5	-1.56490000E+5	4.20000000E+1	7.90000000E+1	4.05000000E+0	4.05000000E+0	1.03703704E+1	1.16049383E+1	1.95061728E+1
9.55900000E+3	8.32325382E+1	-1.70206000E+5	-1.57569000E+5	4.00000000E+1	8.90000000E+1	4.05000000E+0	4.05100000E+0	9.87410516E+0	1.06172840E+1	2.19753086E+1
9.55925000E+3	8.32201893E+1	-1.71282000E+5	-1.58646000E+5	5.90000000E+1	1.06000000E+2	4.04900000E+0	4.05000000E+0	1.45679012E+1	1.67942702E+1	2.61793035E+1
9.55950000E+3	8.32078629E+1	-1.72355000E+5	-1.59721000E+5	4.80000000E+1	8.30000000E+1	4.05000000E+0	4.05000000E+0	1.18518519E+1	1.35802469E+1	2.04938272E+1
9.55975000E+3	8.31955589E+1	-1.73427000E+5	-1.60793000E+5	5.50000000E+1	1.08000000E+2	4.04900000E+0	4.05000000E+0	1.35802469E+1	1.50654483E+1	2.66732527E+1
9.56000000E+3	8.31832772E+1	-1.74496000E+5	-1.61864000E+5	5.80000000E+1	1.01000000E+2	4.04900000E+0	4.05000000E+0	1.43209877E+1	1.53124228E+1	2.49444307E+1
9.56025000E+3	8.31710176E+1	-1.75563000E+5	-1.62933000E+5	5.80000000E+1	1.05000000E+2	4.04900000E+0	4.05000000E+0	1.43209877E+1	1.60533465E+1	2.59323290E+1
9.56050000E+3	8.31587801E+1	-1.76629000E+5	-1.63999000E+5	4.80000000E+1	9.60000000E+1	4.05000000E+0	4.05100000E+0	1.18489262E+1	1.30864198E+1	2.37037037E+1
9.56075000E+3	8.31465646E+1	-1.77692000E+5	-1.65064000E+5	6.40000000E+1	1.08000000E+2	4.05000000E+0	4.05100000E+0	1.57985683E+1	1.65432099E+1	2.66666667E+1
9.56100000E+3	8.31343708E+1	-1.78753000E+5	-1.66126000E+5	6.00000000E+1	1.08000000E+2	4.05000000E+0	4.05100000E+0	1.48111577E+1	1.70370370E+1	2.66666667E+1
9.56125000E+3	8.31221988E+1	-1.79812000E+5	-1.67187000E+5	6.10000000E+1	1.07000000E+2	4.05000000E+0	4.05000000E+0	1.50617284E+1	1.62962963E+1	2.64197531E+1
9.56150000E+3	8.31100483E+1	-1.80870000E+5	-1.68245000E+5	7.20000000E+1	1.27000000E+2	4.05000000E+0	4.05100000E+0	1.77733893E+1	2.00000000E+1	3.13580247E+1
9.56175000E+3	8.30979193E+1	-1.81925000E+5	-1.69302000E+5	8.90000000E+1	1.24000000E+2	4.05100000E+0	4.05200000E+0	2.19644620E+1	2.24635892E+1	3.06097260E+1
9.56200000E+3	8.30858117E+1	-1.82978000E+5	-1.70357000E+5	8.00000000E+1	1.07000000E+2	4.04900000E+0	4.04900000E+0	1.97579649E+1	2.04988886E+1	2.64262781E+1
9.56225000E+3	8.30737254E+1	-1.84030000E+5	-1.71409000E+5	9.50000000E+1	1.27000000E+2	4.05000000E+0	4.05100000E+0	2.34509998E+1	2.54320988E+1	3.13580247E+1
9.56250000E+3	8.30616602E+1	-1.85079000E+5	-1.72460000E+5	9.20000000E+1	1.29000000E+2	4.05000000E+0	4.05100000E+0	2.27104419E+1	2.39506173E+1	3.18518519E+1
9.56275000E+3	8.30496160E+1	-1.86126000E+5	-1.73509000E+5	8.90000000E+1	1.28000000E+2	4.05000000E+0	4.05000000E+0	2.19753086E+1	2.32098765E+1	3.16049383E+1
9.56300000E+3	8.30375928E+1	-1.87172000E+5	-1.74556000E+5	1.02000000E+2	1.53000000E+2	4.05000000E+0	4.05100000E+0	2.51789682E+1	2.66666667E+1	3.77777778E+1
9.56325000E+3	8.30255903E+1	-1.88215000E+5	-1.75601000E+5	1.05000000E+2	1.50000000E+2	4.05000000E+0	4.05000000E+0	2.59259259E+1	2.74074074E+1	3.70370370E+1
9.56350000E+3	8.30136087E+1	-1.89257000E+5	-1.76644000E+5	1.18000000E+2	1.80000000E+2	4.04900000E+0	4.05000000E+0	2.91358025E+1	3.16127439E+1	4.44554211E+1
9.56375000E+3	8.30016476E+1	-1.90297000E+5	-1.77685000E+5	1.23000000E+2	1.62000000E+2	4.04900000E+0	4.05000000E+0	3.03703704E+1	3.26006421E+1	4.00098790E+1
9.56400000E+3	8.29897071E+1	-1.91335000E+5	-1.78724000E+5	1.31000000E+2	1.76000000E+2	4.05000000E+0	4.05000000E+0	3.23456790E+1	3.38271605E+1	4.34567901E+1
9.56425000E+3	8.29777869E+1	-1.92371000E+5	-1.79761000E+5	1.51000000E+2	1.98000000E+2	4.04900000E+0	4.04900000E+0	3.72931588E+1	3.82810571E+1	4.89009632E+1
9.56450000E+3	8.29658871E+1	-1.93405000E+5	-1.80797000E+5	1.18000000E+2	1.71000000E+2	4.04900000E+0	4.05000000E+0	2.91358025E+1	3.18597184E+1	4.22326500E+1
9.56475000E+3	8.29540075E+1	-1.94437000E+5	-1.81830000E+5	1.36000000E+2	1.88000000E+2	4.05000000E+0	4.05000000E+0	3.35802469E+1	3.55555556E+1	4.64197531E+1
9.56500000E+3	8.29421480E+1	-1.95468000E+5	-1.82862000E+5	1.73000000E+2	2.07000000E+2	4.05000000E+0	4.05000000E+0	4.27160494E+1	4.39506173E+1	5.11111111E+1
9.56525000E+3	8.29303085E+1	-1.96496000E+5	-1.83892000E+5	1.61000000E+2	2.11000000E+2	4.05000000E+0	4.05100000E+0	3.97432733E+1	4.29629630E+1	5.20987654E+1
9.56550000E+3	8.29184889E+1	-1.97523000E+5	-1.84920000E+5	1.77000000E+2	2.21000000E+2	4.04900000E+0	4.05000000E+0	4.37037037E+1	4.54433193E+1	5.45813781E+1
9.56575000E+3	8.29066891E+1	-1.98548000E+5	-1.85946000E+5	1.87000000E+2	2.31000000E+2	4.04900000E+0	4.05000000E+0	4.61728395E+1	4.91479378E+1	5.70511237E+1
9.56600000E+3	8.28949091E+1	-1.99571000E+5	-1.86970000E+5	2.00000000E+2	2.51000000E+2	4.04900000E+0	4.04900000E+0	4.93949123E+1	5.11237343E+1	6.19906150E+1
9.56625000E+3	8.28831486E+1	-2.00592000E+5	-1.87993000E+5	1.97000000E+2	2.56000000E+2	4.05000000E+0	4.05000000E+0	4.86419753E+1	4.98765432E+1	6.32098765E+1
9.56650000E+3	8.28714077E+1	-2.01611000E+5	-1.89014000E+5	2.10000000E+2	2.44000000E+2	4.04800000E+0	4.04900000E+0	5.18646579E+1	5.28656126E+1	6.02766798E+1
9.56675000E+3	8.28596863E+1	-2.02629000E+5	-1.90033000E+5	2.27000000E+2	2.76000000E+2	4.05000000E+0	4.05100000E+0	5.60355468E+1	5.92592593E+1	6.81481481E+1
9.56700000E+3	8.28479841E+1	-2.03645000E+5	-1.91050000E+5	2.53000000E+2	3.07000000E+2	4.04900000E+0	4.04900000E+0	6.24845641E+1	6.44603606E+1	7.58211904E+1
9.56725000E+3	8.28363012E+1	-2.04659000E+5	-1.92065000E+5	3.16000000E+2	3.60000000E+2	4.04900000E+0	4.04900000E+0	7.80439615E+1	7.87848852E+1	8.89108422E+1
9.56750000E+3	8.28246375E+1	-2.05671000E+5	-1.93079000E+5	2.88000000E+2	3.40000000E+2	4.05100000E+0	4.05100000E+0	7.10935571E+1	7.35620834E+1	8.39298939E+1
9.56775000E+3	8.28129928E+1	-2.06682000E+5	-1.94091000E+5	3.13000000E+2	3.59000000E+2	4.05000000E+0	4.05000000E+0	7.72839506E+1	7.85185185E+1	8.86419753E+1
9.56800000E+3	8.28013671E+1	-2.07691000E+5	-1.95101000E+5	3.29000000E+2	3.78000000E+2	4.05000000E+0	4.05000000E+0	8.12345679E+1	8.44444444E+1	9.33333333E+1
9.56825000E+3	8.27897603E+1	-2.08698000E+5	-1.96109000E+5	3.91000000E+2	4.37000000E+2	4.04900000E+0	4.05000000E+0	9.65432099E+1	9.80489010E+1	1.07927883E+2
9.56850000E+3	8.27781723E+1	-2.09703000E+5	-1.97116000E+5	3.98000000E+2	4.35000000E+2	4.05000000E+0	4.05000000E+0	9.82716049E+1	1.01728395E+2	1.07407407E+2
9.56875000E+3	8.27666029E+1	-2.10707000E+5	-1.98121000E+5	4.34000000E+2	4.89000000E+2	4.04800000E+0	4.04800000E+0	1.07213439E+2	1.11166008E+2	1.20800395E+2
9.56900000E+3	8.27550522E+1	-2.11709000E+5	-1.99124000E+5	4.71000000E+2	5.15000000E+2	4.05000000E+0	4.05000000E+0	1.16296296E+2	1.19012346E+2	1.27160494E+2
9.56925000E+3	8.27435201E+1	-2.12709000E+5	-2.00126000E+5	5.53000000E+2	6.07000000E+2	4.05000000E+0	4.05000000E+0	1.36543210E+2	1.38024691E+2	1.49876543E+2
9.56950000E+3	8.27320063E+1	-2.13707000E+5	-2.01125000E+5	6.08000000E+2	6.56000000E+2	4.05000000E+0	4.05000000E+0	1.50123457E+2	1.52345679E+2	1.61975309E+2
9.56975000E+3	8.27205109E+1	-2.14704000E+5	-2.02123000E+5	7.03000000E+2	7.50000000E+2	4.05000000E+0	4.05000000E+0	1.73580247E+2	1.75308642E+2	1.85185185E+2
9.57000000E+3	8.27090338E+1	-2.15699000E+5	-2.03120000E+5	7.21000000E+2	7.74000000E+2	4.05000000E+0	4.05000000E+0	1.78024691E+2	1.81234568E+2	1.91111111E+2
9.57025000E+3	8.26975749E+1	-2.16692000E+5	-2.04115000E+5	7.47000000E+2	7.98000000E+2	4.04900000E+0	4.04900000E+0	1.84489998E+2	1.86465794E+2	1.97085700E+2
9.57050000E+3	8.26861341E+1	-2.17684000E+5	-2.05108000E+5	8.41000000E+2	9.10000000E+2	4.05100000E+0	4.05100000E+0	2.07603061E+2	2.10071587E+2	2.24635892E+2
9.57075000E+3	8.26747112E+1	-2.18674000E+5	-2.06099000E+5	9.16000000E+2	9.65000000E+2	4.05000000E+0	4.05000000E+0	2.26172840E+2	2.27654321E+2	2.38271605E+2
9.57100000E+3	8.26633064E+1	-2.19662000E+5	-2.07089000E+5	9.60000000E+2	1.01000000E+3	4.04900000E+0	4.04900000E+0	2.37095579E+2	2.38330452E+2	2.49444307E+2
9.57125000E+3	8.26519194E+1	-2.20649000E+5	-2.08077000E+5	9.89000000E+2	1.03000000E+3	4.05000000E+0	4.05000000E+0	2.44197531E+2	2.46172840E+2	2.54320988E+2
9.57150000E+3	8.26405501E+1	-2.21634000E+5	-2.09063000E+5	9.86000000E+2	1.04000000E+3	4.05000000E+0	4.05000000E+0	2.43456790E+2	2.45679012E+2	2.56790123E+2
9.57175000E+3	8.26291986E+1	-2.22618000E+5	-2.10048000E+5	9.68000000E+2	1.03200000E+3	4.04900000E+0	4.04900000E+0	2.39071376E+2	2.43269943E+2	2.54877748E+2
9.57200000E+3	8.26178646E+1	-2.23599000E+5	-2.11031000E+5	1.13900000E+3	1.18600000E+3	4.05000000E+0	4.05000000E+0	2.81234568E+2	2.83456790E+2	2.92839506E+2
9.57225000E+3	8.26065482E+1	-2.24580000E+5	-2.12012000E+5	1.17300000E+3	1.23000000E+3	4.04900000E+0	4.04900000E+0	2.89701161E+2	2.95381576E+2	3.03778711E+2
9.57250000E+3	8.25952493E+1	-2.25558000E+5	-2.12992000E+5	1.16300000E+3	1.20200000E+3	4.05000000E+0	4.05000000E+0	2.87160494E+2	2.88888889E+2	2.96790123E+2
9.57275000E+3	8.25839677E+1	-2.26535000E+5	-2.13971000E+5	1.25100000E+3	1.31000000E+3	4.04900000E+0	4.04800000E+0	3.09041502E+2	3.11434922E+2	3.23536676E+2
9.57300000E+3	8.25727034E+1	-2.27511000E+5	-2.14947000E+5	1.28400000E+3	1.33000000E+3	4.05000000E+0	4.04900000E+0	3.17115337E+2	3.19753086E+2	3.28395062E+2
9.57325000E+3	8.25614564E+1	-2.28484000E+5	-2.15922000E+5	1.26000000E+3	1.30500000E+3	4.04900000E+0	4.04900000E+0	3.11187948E+2	3.14398617E+2	3.22301803E+2
9.57350000E+3	8.25502265E+1	-2.29456000E+5	-2.16896000E+5	1.36400000E+3	1.41900000E+3	4.05000000E+0	4.04900000E+0	3.36873302E+2	3.40000000E+2	3.50370370E+2
9.57375000E+3	8.25390136E+1	-2.30427000E+5	-2.17868000E+5	1.30000000E+3	1.35500000E+3	4.05100000E+0	4.05000000E+0	3.20987654E+2	3.23130091E+2	3.34485312E+2
9.57400000E+3	8.25278178E+1	-2.31396000E+5	-2.18838000E+5	1.28000000E+3	1.33300000E+3	4.05000000E+0	4.05000000E+0	3.16049383E+2	3.17530864E+2	3.29135802E+2
9.57425000E+3	8.25166388E+1	-2.32364000E+5	-2.19807000E+5	1.23300000E+3	1.30000000E+3	4.05000000E+0	4.04900000E+0	3.04519634E+2	3.07901235E+2	3.20987654E+2
9.57450000E+3	8.25054768E+1	-2.33329000E+5	-2.20774000E+5	1.24200000E+3	1.29900000E+3	4.04900000E+0	4.04900000E+0	3.06742406E+2	3.09953075E+2	3.20819956E+2
9.57475000E+3	8.24943314E+1	-2.34294000E+5	-2.21740000E+5	1.15500000E+3	1.20100000E+3	4.04900000E+0	4.04900000E+0	2.85255619E+2	2.88219313E+2	2.96616449E+2
9.57500000E+3	8.24832028E+1	-2.35257000E+5	-2.22704000E+5	1.06000000E+3	1.11900000E+3	4.05000000E+0	4.05000000E+0	2.61728395E+2	2.64444444E+2	2.76296296E+2
9.57525000E+3	8.24720908E+1	-2.36218000E+5	-2.23666000E+5	9.59000000E+2	1.01400000E+3	4.04900000E+0	4.04900000E+0	2.36848605E+2	2.39812299E+2	2.50432205E+2
9.57550000E+3	8.24609954E+1	-2.37178000E+5	-2.24628000E+5	8.77000000E+2	9.28000000E+2	4.04900000E+0	4.04900000E+0	2.16596691E+2	2.19066436E+2	2.29192393E+2
9.57575000E+3	8.24499164E+1	-2.38136000E+5	-2.25587000E+5	8.21000000E+2	8.75000000E+2	4.05000000E+0	4.05000000E+0	2.02716049E+2	2.05432099E+2	2.16049383E+2
9.57600000E+3	8.24388539E+1	-2.39092000E+5	-2.26545000E+5	7.34000000E+2	7.81000000E+2	4.05000000E+0	4.05000000E+0	1.81234568E+2	1.84197531E+2	1.92839506E+2
9.57625000E+3	8.24278077E+1	-2.40048000E+5	-2.27502000E+5	6.24000000E+2	6.65000000E+2	4.05000000E+0	4.05000000E+0	1.54074074E+2	1.56296296E+2	1.64197531E+2
9.57650000E+3	8.24167777E+1	-2.41001000E+5	-2.28456000E+5	5.89000000E+2	6.25000000E+2	4.05000000E+0	4.05000000E+0	1.45432099E+2	1.46666667E+2	1.54320988E+2
9.57675000E+3	8.24057640E+1	-2.41953000E+5	-2.29410000E+5	5.19000000E+2	5.72000000E+2	4.05000000E+0	4.05100000E+0	1.28116514E+2	1.29629630E+2	1.41234568E+2
9.57700000E+3	8.23947663E+1	-2.42904000E+5	-2.30362000E+5	4.90000000E+2	5.41000000E+2	4.04900000E+0	4.04900000E+0	1.21017535E+2	1.22746357E+2	1.33613238E+2
9.57725000E+3	8.23837848E+1	-2.43853000E+5	-2.31312000E+5	4.73000000E+2	5.28000000E+2	4.04900000E+0	4.04900000E+0	1.16818968E+2	1.20029637E+2	1.30402569E+2
9.57750000E+3	8.23728192E+1	-2.44801000E+5	-2.32261000E+5	4.22000000E+2	4.74000000E+2	4.04900000E+0	4.04900000E+0	1.04223265E+2	1.05458138E+2	1.17065942E+2
9.57775000E+3	8.23618696E+1	-2.45747000E+5	-2.33209000E+5	4.50000000E+2	4.87000000E+2	4.04900000E+0	4.04900000E+0	1.11138553E+2	1.12373426E+2	1.20276612E+2
9.57800000E+3	8.23509358E+1	-2.46692000E+5	-2.34155000E+5	3.79000000E+2	4.26000000E+2	4.04900000E+0	4.05000000E+0	9.35802469E+1	9.43442825E+1	1.05211163E+2
9.57825000E+3	8.23400178E+1	-2.47635000E+5	-2.35100000E+5	3.98000000E+2	4.36000000E+2	4.05000000E+0	4.05000000E+0	9.82716049E+1	1.00000000E+2	1.07654321E+2
9.57850000E+3	8.23291156E+1	-2.48577000E+5	-2.36043000E+5	3.79000000E+2	4.18000000E+2	4.05000000E+0	4.05000000E+0	9.35802469E+1	9.50617284E+1	1.03209877E+2
9.57875000E+3	8.23182290E+1	-2.49517000E+5	-2.36984000E+5	3.40000000E+2	3.88000000E+2	4.05100000E+0	4.05100000E+0	8.39298939E+1	8.59047149E+1	9.57788200E+1
9.57900000E+3	8.23073580E+1	-2.50456000E+5	-2.37925000E+5	2.98000000E+2	3.55000000E+2	4.04900000E+0	4.05000000E+0	7.35802469E+1	7.53272413E+1	8.76759694E+1
9.57925000E+3	8.22965025E+1	-2.51394000E+5	-2.38863000E+5	2.67000000E+2	3.16000000E+2	4.04900000E+0	4.05000000E+0	6.59259259E+1	6.74240553E+1	7.80439615E+1
9.57950000E+3	8.22856625E+1	-2.52330000E+5	-2.39801000E+5	2.75000000E+2	3.13000000E+2	4.05000000E+0	4.05000000E+0	6.79012346E+1	6.91358025E+1	7.72839506E+1
9.57975000E+3	8.22748379E+1	-2.53264000E+5	-2.40737000E+5	2.72000000E+2	3.26000000E+2	4.04900000E+0	4.04900000E+0	6.71770808E+1	6.89059027E+1	8.05137071E+1
9.58000000E+3	8.22640286E+1	-2.54197000E+5	-2.41671000E+5	2.12000000E+2	2.50000000E+2	4.04900000E+0	4.05000000E+0	5.23456790E+1	5.33465053E+1	6.17436404E+1
9.58025000E+3	8.22532346E+1	-2.55129000E+5	-2.42604000E+5	2.07000000E+2	2.36000000E+2	4.05000000E+0	4.05000000E+0	5.11111111E+1	5.18518519E+1	5.82716049E+1
9.58050000E+3	8.22424558E+1	-2.56059000E+5	-2.43536000E+5	2.06000000E+2	2.46000000E+2	4.04900000E+0	4.05000000E+0	5.08641975E+1	5.21116325E+1	6.07557422E+1
9.58075000E+3	8.22316922E+1	-2.56988000E+5	-2.44466000E+5	1.85000000E+2	2.24000000E+2	4.04900000E+0	4.04900000E+0	4.56902939E+1	4.69251667E+1	5.53223018E+1
9.58100000E+3	8.22209437E+1	-2.57916000E+5	-2.45395000E+5	1.38000000E+2	1.88000000E+2	4.05000000E+0	4.05100000E+0	3.40656628E+1	3.55555556E+1	4.64197531E+1
9.58125000E+3	8.22102101E+1	-2.58842000E+5	-2.46322000E+5	1.94000000E+2	2.41000000E+2	4.05100000E+0	4.05100000E+0	4.78894100E+1	5.03579363E+1	5.94914836E+1
9.58150000E+3	8.21994916E+1	-2.59767000E+5	-2.47249000E+5	1.53000000E+2	2.03000000E+2	4.04900000E+0	4.04900000E+0	3.77871079E+1	3.90219807E+1	5.01358360E+1
9.58175000E+3	8.21887880E+1	-2.60690000E+5	-2.48173000E+5	1.38000000E+2	1.69000000E+2	4.05000000E+0	4.05100000E+0	3.40656628E+1	3.43209877E+1	4.17283951E+1
9.58200000E+3	8.21780992E+1	-2.61612000E+5	-2.49097000E+5	1.22000000E+2	1.66000000E+2	4.05000000E+0	4.05100000E+0	3.01160207E+1	3.13580247E+1	4.09876543E+1
9.58225000E+3	8.21674251E+1	-2.62533000E+5	-2.50018000E+5	1.46000000E+2	1.92000000E+2	4.05000000E+0	4.05000000E+0	3.60493827E+1	3.72839506E+1	4.74074074E+1
9.58250000E+3	8.21567659E+1	-2.63452000E+5	-2.50939000E+5	1.40000000E+2	1.73000000E+2	4.04800000E+0	4.04900000E+0	3.45764386E+1	3.60671937E+1	4.27371542E+1
9.58275000E+3	8.21461212E+1	-2.64370000E+5	-2.51858000E+5	1.14000000E+2	1.61000000E+2	4.04900000E+0	4.05000000E+0	2.81481481E+1	2.93899728E+1	3.97629044E+1
9.58300000E+3	8.21354912E+1	-2.65287000E+5	-2.52776000E+5	1.12000000E+2	1.62000000E+2	4.04900000E+0	4.05000000E+0	2.76543210E+1	2.91429983E+1	4.00098790E+1
9.58325000E+3	8.21248758E+1	-2.66202000E+5	-2.53693000E+5	9.90000000E+1	1.49000000E+2	4.05000000E+0	4.05000000E+0	2.44444444E+1	2.59259259E+1	3.67901235E+1
9.58350000E+3	8.21142748E+1	-2.67116000E+5	-2.54608000E+5	9.20000000E+1	1.46000000E+2	4.05000000E+0	4.05000000E+0	2.27160494E+1	2.49382716E+1	3.60493827E+1
9.58375000E+3	8.21036883E+1	-2.68028000E+5	-2.55522000E+5	9.80000000E+1	1.42000000E+2	4.04900000E+0	4.04900000E+0	2.42035070E+1	2.56853544E+1	3.50703878E+1
9.58400000E+3	8.20931161E+1	-2.68939000E+5	-2.56434000E+5	9.20000000E+1	1.36000000E+2	4.05000000E+0	4.05000000E+0	2.27160494E+1	2.44444444E+1	3.35802469E+1
9.58425000E+3	8.20825583E+1	-2.69849000E+5	-2.57345000E+5	9.00000000E+1	1.37000000E+2	4.04900000E+0	4.05000000E+0	2.22222222E+1	2.32156088E+1	3.38355149E+1
9.58450000E+3	8.20720147E+1	-2.70757000E+5	-2.58255000E+5	7.80000000E+1	1.36000000E+2	4.05000000E+0	4.05100000E+0	1.92545051E+1	2.09876543E+1	3.35802469E+1
9.58475000E+3	8.20614854E+1	-2.71665000E+5	-2.59163000E+5	8.30000000E+1	1.35000000E+2	4.05000000E+0	4.05000000E+0	2.04938272E+1	2.27160494E+1	3.33333333E+1
9.58500000E+3	8.20509702E+1	-2.72571000E+5	-2.60071000E+5	8.50000000E+1	1.29000000E+2	4.05000000E+0	4.05000000E+0	2.09876543E+1	2.19753086E+1	3.18518519E+1
9.58525000E+3	8.20404691E+1	-2.73475000E+5	-2.60977000E+5	6.20000000E+1	1.16000000E+2	4.05000000E+0	4.05000000E+0	1.53086420E+1	1.72839506E+1	2.86419753E+1
9.58550000E+3	8.20299820E+1	-2.74378000E+5	-2.61881000E+5	6.20000000E+1	1.04000000E+2	4.05000000E+0	4.05000000E+0	1.53086420E+1	1.62962963E+1	2.56790123E+1
9.58575000E+3	8.20195090E+1	-2.75280000E+5	-2.62784000E+5	5.90000000E+1	9.70000000E+1	4.05000000E+0	4.05000000E+0	1.45679012E+1	1.60493827E+1	2.39506173E+1
9.58600000E+3	8.20090498E+1	-2.76181000E+5	-2.63686000E+5	4.70000000E+1	9.50000000E+1	4.04900000E+0	4.04900000E+0	1.16078044E+1	1.30896518E+1	2.34625834E+1
9.58625000E+3	8.19986046E+1	-2.77080000E+5	-2.64587000E+5	4.60000000E+1	9.30000000E+1	4.04900000E+0	4.05000000E+0	1.13580247E+1	1.38305755E+1	2.29686342E+1
9.58650000E+3	8.19881732E+1	-2.77978000E+5	-2.65486000E+5	5.20000000E+1	1.05000000E+2	4.05000000E+0	4.05100000E+0	1.28363367E+1	1.40740741E+1	2.59259259E+1
9.58675000E+3	8.19777555E+1	-2.78875000E+5	-2.66384000E+5	4.90000000E+1	9.40000000E+1	4.04900000E+0	4.04900000E+0	1.21017535E+1	1.43245246E+1	2.32156088E+1
9.58700000E+3	8.19673516E+1	-2.79771000E+5	-2.67281000E+5	4.70000000E+1	8.90000000E+1	4.04900000E+0	4.04900000E+0	1.16078044E+1	1.30896518E+1	2.19807360E+1
9.58725000E+3	8.19569614E+1	-2.80665000E+5	-2.68177000E+5	4.60000000E+1	9.40000000E+1	4.05100000E+0	4.05200000E+0	1.13524186E+1	1.33300420E+1	2.32041471E+1
9.58750000E+3	8.19465847E+1	-2.81558000E+5	-2.69071000E+5	4.60000000E+1	8.90000000E+1	4.05000000E+0	4.05000000E+0	1.13580247E+1	1.23456790E+1	2.19753086E+1
9.58775000E+3	8.19362217E+1	-2.82450000E+5	-2.69964000E+5	4.60000000E+1	9.00000000E+1	4.05100000E+0	4.05100000E+0	1.13552209E+1	1.30831893E+1	2.22167366E+1
9.58800000E+3	8.19258721E+1	-2.83340000E+5	-2.70856000E+5	4.00000000E+1	7.60000000E+1	4.04900000E+0	4.04900000E+0	9.87898246E+0	1.21017535E+1	1.87700667E+1
9.58825000E+3	8.19155361E+1	-2.84229000E+5	-2.71746000E+5	4.20000000E+1	8.20000000E+1	4.04900000E+0	4.04900000E+0	1.03729316E+1	1.18547790E+1	2.02519141E+1
9.58850000E+3	8.19052134E+1	-2.85117000E+5	-2.72636000E+5	3.90000000E+1	8.10000000E+1	4.04900000E+0	4.04900000E+0	9.63200790E+0	1.03729316E+1	2.00049395E+1
9.58875000E+3	8.18949041E+1	-2.86004000E+5	-2.73524000E+5	3.10000000E+1	7.40000000E+1	4.05000000E+0	4.05000000E+0	7.65432099E+0	8.39506173E+0	1.82716049E+1
9.58900000E+3	8.18846081E+1	-2.86889000E+5	-2.74411000E+5	3.10000000E+1	7.40000000E+1	4.04900000E+0	4.05000000E+0	7.65432099E+0	9.87898246E+0	1.82761176E+1
9.58925000E+3	8.18743254E+1	-2.87774000E+5	-2.75296000E+5	3.00000000E+1	7.30000000E+1	4.04900000E+0	4.04900000E+0	7.40923685E+0	9.38503334E+0	1.80291430E+1
9.58950000E+3	8.18640559E+1	-2.88657000E+5	-2.76180000E+5	2.50000000E+1	6.80000000E+1	4.04900000E+0	4.04900000E+0	6.17436404E+0	7.90318597E+0	1.67942702E+1
9.58975000E+3	8.18537996E+1	-2.89538000E+5	-2.77063000E+5	2.00000000E+1	5.20000000E+1	4.05000000E+0	4.05100000E+0	4.93705258E+0	5.92592593E+0	1.28395062E+1
9.59000000E+3	8.18435563E+1	-2.90419000E+5	-2.77945000E+5	3.20000000E+1	7.90000000E+1	4.05000000E+0	4.05000000E+0	7.90123457E+0	9.13580247E+0	1.95061728E+1
9.59025000E+3	8.18333262E+1	-2.91298000E+5	-2.78826000E+5	3.60000000E+1	7.50000000E+1	4.05000000E+0	4.05100000E+0	8.88669464E+0	1.01234568E+1	1.85185185E+1
9.59050000E+3	8.18231091E+1	-2.92176000E+5	-2.79705000E+5	2.40000000E+1	6.40000000E+1	4.05000000E+0	4.05000000E+0	5.92592593E+0	6.17283951E+0	1.58024691E+1
9.59075000E+3	8.18129049E+1	-2.93053000E+5	-2.80584000E+5	2.10000000E+1	5.70000000E+1	4.05100000E+0	4.05100000E+0	5.18390521E+0	6.41816835E+0	1.40705999E+1
9.59100000E+3	8.18027137E+1	-2.93929000E+5	-2.81461000E+5	1.70000000E+1	6.30000000E+1	4.05100000E+0	4.05100000E+0	4.19649469E+0	5.67761047E+0	1.55517156E+1
9.59125000E+3	8.17925353E+1	-2.94803000E+5	-2.82337000E+5	3.50000000E+1	7.60000000E+1	4.04900000E+0	4.04900000E+0	8.64410966E+0	1.01259570E+1	1.87700667E+1
9.59150000E+3	8.17823698E+1	-2.95677000E+5	-2.83211000E+5	2.50000000E+1	7.70000000E+1	4.04900000E+0	4.05000000E+0	6.17283951E+0	8.39713510E+0	1.90170412E+1
9.59175000E+3	8.17722170E+1	-2.96549000E+5	-2.84085000E+5	3.00000000E+1	7.90000000E+1	4.04900000E+0	4.04900000E+0	7.40923685E+0	9.63200790E+0	1.95109904E+1
9.59200000E+3	8.17620770E+1	-2.97420000E+5	-2.84957000E+5	1.90000000E+1	4.70000000E+1	4.04900000E+0	4.05000000E+0	4.69135802E+0	5.18646579E+0	1.16078044E+1
9.59225000E+3	8.17519497E+1	-2.98290000E+5	-2.85828000E+5	2.20000000E+1	6.40000000E+1	4.04900000E+0	4.04900000E+0	5.43344036E+0	6.66831316E+0	1.58063719E+1
9.59250000E+3	8.17418350E+1	-2.99158000E+5	-2.86698000E+5	3.00000000E+1	5.90000000E+1	4.05000000E+0	4.05000000E+0	7.40740741E+0	8.14814815E+0	1.45679012E+1
9.59275000E+3	8.17317329E+1	-3.00026000E+5	-2.87566000E+5	1.50000000E+1	6.30000000E+1	4.04900000E+0	4.04900000E+0	3.70461842E+0	4.93949123E+0	1.55593974E+1
9.59300000E+3	8.17216434E+1	-3.00892000E+5	-2.88434000E+5	1.60000000E+1	6.50000000E+1	4.04900000E+0	4.05000000E+0	3.95061728E+0	4.69251667E+0	1.60533465E+1
9.59325000E+3	8.17115664E+1	-3.01757000E+5	-2.89300000E+5	1.40000000E+1	5.30000000E+1	4.04900000E+0	4.04900000E+0	3.45764386E+0	3.95159299E+0	1.30896518E+1
9.59350000E+3	8.17015019E+1	-3.02621000E+5	-2.90166000E+5	1.30000000E+1	5.60000000E+1	4.04900000E+0	4.05000000E+0	3.20987654E+0	5.18646579E+0	1.38305755E+1
9.59375000E+3	8.16914497E+1	-3.03483000E+5	-2.91030000E+5	2.20000000E+1	7.30000000E+1	4.05000000E+0	4.05000000E+0	5.43209877E+0	7.65432099E+0	1.80246914E+1
9.59400000E+3	8.16814100E+1	-3.04345000E+5	-2.91893000E+5	1.80000000E+1	5.30000000E+1	4.05100000E+0	4.05100000E+0	4.44334732E+0	4.93705258E+0	1.30831893E+1
9.59425000E+3	8.16713826E+1	-3.05205000E+5	-2.92754000E+5	1.40000000E+1	6.70000000E+1	4.04900000E+0	4.04900000E+0	3.45764386E+0	5.18646579E+0	1.65472956E+1
9.59450000E+3	8.16613674E+1	-3.06065000E+5	-2.93615000E+5	2.10000000E+1	7.20000000E+1	4.05000000E+0	4.05000000E+0	5.18518519E+0	8.14814815E+0	1.77777778E+1
9.59475000E+3	8.16513645E+1	-3.06923000E+5	-2.94474000E+5	1.80000000E+1	7.30000000E+1	4.05000000E+0	4.05000000E+0	4.44444444E+0	5.43209877E+0	1.80246914E+1
9.59500000E+3	8.16413739E+1	-3.07780000E+5	-2.95333000E+5	1.60000000E+1	5.80000000E+1	4.05000000E+0	4.05000000E+0	3.95061728E+0	4.19753086E+0	1.43209877E+1
9.59525000E+3	8.16313953E+1	-3.08636000E+5	-2.96190000E+5	1.60000000E+1	5.70000000E+1	4.05100000E+0	4.05100000E+0	3.94964206E+0	4.93705258E+0	1.40705999E+1
9.59550000E+3	8.16214289E+1	-3.09491000E+5	-2.97046000E+5	1.20000000E+1	6.40000000E+1	4.05000000E+0	4.05100000E+0	2.96223155E+0	6.41975309E+0	1.58024691E+1
9.59575000E+3	8.16114746E+1	-3.10344000E+5	-2.97901000E+5	1.90000000E+1	6.40000000E+1	4.05000000E+0	4.05100000E+0	4.69019995E+0	6.91358025E+0	1.58024691E+1
9.59600000E+3	8.16015322E+1	-3.11197000E+5	-2.98755000E+5	1.50000000E+1	6.00000000E+1	4.04900000E+0	4.05000000E+0	3.70370370E+0	5.68041492E+0	1.48184737E+1
9.59625000E+3	8.15916019E+1	-3.12048000E+5	-2.99607000E+5	1.30000000E+1	6.20000000E+1	4.05000000E+0	4.05000000E+0	3.20987654E+0	4.93827160E+0	1.53086420E+1
9.59650000E+3	8.15816835E+1	-3.12898000E+5	-3.00459000E+5	1.10000000E+1	5.90000000E+1	4.04900000E+0	4.05000000E+0	2.71604938E+0	4.69251667E+0	1.45714991E+1
9.59675000E+3	8.15717771E+1	-3.13748000E+5	-3.01310000E+5	8.00000000E+0	6.70000000E+1	4.04900000E+0	4.05000000E+0	1.97530864E+0	3.95159299E+0	1.65472956E+1
9.59700000E+3	8.15618824E+1	-3.14596000E+5	-3.02159000E+5	1.40000000E+1	6.20000000E+1	4.04900000E+0	4.05000000E+0	3.45679012E+0	4.44554211E+0	1.53124228E+1
9.59725000E+3	8.15519997E+1	-3.15443000E+5	-3.03007000E+5	1.50000000E+1	6.20000000E+1	4.05000000E+0	4.05100000E+0	3.70278943E+0	5.18518519E+0	1.53086420E+1
9.59750000E+3	8.15421287E+1	-3.16288000E+5	-3.03854000E+5	1.50000000E+1	7.00000000E+1	4.04900000E+0	4.05000000E+0	3.70370370E+0	5.68041492E+0	1.72882193E+1
9.59775000E+3	8.15322694E+1	-3.17133000E+5	-3.04700000E+5	1.90000000E+1	5.00000000E+1	4.05000000E+0	4.05000000E+0	4.69135802E+0	5.18518519E+0	1.23456790E+1
9.59800000E+3	8.15224218E+1	-3.17977000E+5	-3.05545000E+5	1.10000000E+1	5.80000000E+1	4.05000000E+0	4.05000000E+0	2.71604938E+0	4.19753086E+0	1.43209877E+1
9.59825000E+3	8.15125859E+1	-3.18819000E+5	-3.06389000E+5	8.00000000E+0	4.70000000E+1	4.04900000E+0	4.05000000E+0	1.97530864E+0	3.21066930E+0	1.16078044E+1
9.59850000E+3	8.15027616E+1	-3.19661000E+5	-3.07232000E+5	1.20000000E+1	6.50000000E+1	4.04900000E+0	4.04900000E+0	2.96369474E+0	5.18646579E+0	1.60533465E+1
9.59875000E+3	8.14929489E+1	-3.20501000E+5	-3.08074000E+5	1.30000000E+1	7.20000000E+1	4.04900000E+0	4.04900000E+0	3.21066930E+0	5.18646579E+0	1.77821684E+1
9.59900000E+3	8.14831478E+1	-3.21341000E+5	-3.08914000E+5	8.00000000E+0	5.20000000E+1	4.04900000E+0	4.04900000E+0	1.97579649E+0	3.21066930E+0	1.28426772E+1
9.59925000E+3	8.14733581E+1	-3.22179000E+5	-3.09754000E+5	1.00000000E+1	4.50000000E+1	4.05000000E+0	4.05000000E+0	2.46913580E+0	2.96296296E+0	1.11111111E+1
9.59950000E+3	8.14635799E+1	-3.23016000E+5	-3.10592000E+5	9.00000000E+0	5.30000000E+1	4.05000000E+0	4.05000000E+0	2.22222222E+0	3.45679012E+0	1.30864198E+1
9.59975000E+3	8.14538132E+1	-3.23852000E+5	-3.11430000E+5	1.00000000E+1	5.50000000E+1	4.05000000E+0	4.05100000E+0	2.46852629E+0	4.44444444E+0	1.35802469E+1
9.60000000E+3	8.14440578E+1	-3.24687000E+5	-3.12266000E+5	7.00000000E+0	5.50000000E+1	4.04900000E+0	4.05000000E+0	1.72839506E+0	2.46974562E+0	1.35836009E+1
9.60025000E+3	8.14343138E+1	-3.25521000E+5	-3.13101000E+5	7.00000000E+0	4.50000000E+1	4.04900000E+0	4.04900000E+0	1.72882193E+0	2.46974562E+0	1.11138553E+1
9.60050000E+3	8.14245810E+1	-3.26354000E+5	-3.13936000E+5	1.10000000E+1	6.00000000E+1	4.05000000E+0	4.05000000E+0	2.71604938E+0	4.19753086E+0	1.48148148E+1
9.60075000E+3	8.14148596E+1	-3.27186000E+5	-3.14769000E+5	5.00000000E+0	6.30000000E+1	4.04900000E+0	4.05000000E+0	1.23456790E+0	3.95159299E+0	1.55593974E+1
9.60100000E+3	8.14051494E+1	-3.28017000E+5	-3.15601000E+5	1.20000000E+1	6.00000000E+1	4.05000000E+0	4.05000000E+0	2.96296296E+0	4.19753086E+0	1.48148148E+1
9.60125000E+3	8.13954504E+1	-3.28847000E+5	-3.16432000E+5	1.20000000E+1	5.20000000E+1	4.05000000E+0	4.05000000E+0	2.96296296E+0	3.95061728E+0	1.28395062E+1
9.60150000E+3	8.13857625E+1	-3.29675000E+5	-3.17262000E+5	7.00000000E+0	4.60000000E+1	4.04900000E+0	4.05000000E+0	1.72839506E+0	3.70461842E+0	1.13608298E+1
9.60175000E+3	8.13760858E+1	-3.30503000E+5	-3.18091000E+5	1.00000000E+1	5.60000000E+1	4.05000000E+0	4.05000000E+0	2.46913580E+0	4.69135802E+0	1.38271605E+1
9.60200000E+3	8.13664201E+1	-3.31330000E+5	-3.18919000E+5	1.10000000E+1	5.30000000E+1	4.05000000E+0	4.05000000E+0	2.71604938E+0	4.69135802E+0	1.30864198E+1
9.60225000E+3	8.13567655E+1	-3.32155000E+5	-3.19746000E+5	7.00000000E+0	5.00000000E+1	4.05000000E+0	4.05000000E+0	1.72839506E+0	2.46913580E+0	1.23456790E+1
9.60250000E+3	8.13471220E+1	-3.32980000E+5	-3.20572000E+5	1.30000000E+1	7.00000000E+1	4.05000000E+0	4.05000000E+0	3.20987654E+0	3.95061728E+0	1.72839506E+1
9.60275000E+3	8.13374894E+1	-3.33803000E+5	-3.21397000E+5	8.00000000E+0	5.00000000E+1	4.05000000E+0	4.05100000E+0	1.97482103E+0	2.46913580E+0	1.23456790E+1
9.60300000E+3	8.13278677E+1	-3.34626000E+5	-3.22221000E+5	8.00000000E+0	4.80000000E+1	4.04900000E+0	4.04900000E+0	1.97579649E+0	3.95159299E+0	1.18547790E+1
9.60325000E+3	8.13182569E+1	-3.35447000E+5	-3.23044000E+5	7.00000000E+0	5.50000000E+1	4.05000000E+0	4.05100000E+0	1.72796840E+0	2.96296296E+0	1.35802469E+1
9.60350000E+3	8.13086570E+1	-3.36268000E+5	-3.23865000E+5	6.00000000E+0	4.40000000E+1	4.05000000E+0	4.05100000E+0	1.48111577E+0	3.20987654E+0	1.08641975E+1
9.60375000E+3	8.12990680E+1	-3.37087000E+5	-3.24686000E+5	4.00000000E+0	6.00000000E+1	4.04900000E+0	4.05000000E+0	9.87654321E-1	2.22277105E+0	1.48184737E+1
9.60400000E+3	8.12894897E+1	-3.37906000E+5	-3.25506000E+5	9.00000000E+0	5.40000000E+1	4.05000000E+0	4.05000000E+0	2.22222222E+0	4.69135802E+0	1.33333333E+1
9.60425000E+3	8.12799222E+1	-3.38723000E+5	-3.26325000E+5	1.40000000E+1	5.90000000E+1	4.05000000E+0	4.05000000E+0	3.45679012E+0	6.41975309E+0	1.45679012E+1
9.60450000E+3	8.12703655E+1	-3.39540000E+5	-3.27143000E+5	7.00000000E+0	4.10000000E+1	4.05000000E+0	4.05000000E+0	1.72839506E+0	1.97530864E+0	1.01234568E+1
9.60475000E+3	8.12608194E+1	-3.40355000E+5	-3.27959000E+5	5.00000000E+0	4.50000000E+1	4.04900000E+0	4.05000000E+0	1.23456790E+0	2.46974562E+0	1.11138553E+1
9.60500000E+3	8.12512840E+1	-3.41170000E+5	-3.28775000E+5	6.00000000E+0	3.80000000E+1	4.05000000E+0	4.05100000E+0	1.48111577E+0	1.97530864E+0	9.38271605E+0
9.60525000E+3	8.12417592E+1	-3.41983000E+5	-3.29590000E+5	8.00000000E+0	6.50000000E+1	4.05000000E+0	4.05100000E+0	1.97482103E+0	3.70370370E+0	1.60493827E+1
9.60550000E+3	8.12322451E+1	-3.42796000E+5	-3.30404000E+5	6.00000000E+0	4.40000000E+1	4.04900000E+0	4.05000000E+0	1.48148148E+0	2.22277105E+0	1.08668807E+1
9.60575000E+3	8.12227414E+1	-3.43607000E+5	-3.31217000E+5	9.00000000E+0	4.80000000E+1	4.04900000E+0	4.05000000E+0	2.22222222E+0	3.21066930E+0	1.18547790E+1
9.60600000E+3	8.12132483E+1	-3.44418000E+5	-3.32028000E+5	9.00000000E+0	6.40000000E+1	4.05000000E+0	4.05100000E+0	2.22167366E+0	3.70370370E+0	1.58024691E+1
9.60625000E+3	8.12037657E+1	-3.45227000E+5	-3.32839000E+5	7.00000000E+0	5.30000000E+1	4.04900000E+0	4.05000000E+0	1.72839506E+0	3.95159299E+0	1.30896518E+1
9.60650000E+3	8.11942935E+1	-3.46036000E+5	-3.33649000E+5	7.00000000E+0	5.20000000E+1	4.04900000E+0	4.05000000E+0	1.72839506E+0	3.21066930E+0	1.28426772E+1
9.60675000E+3	8.11848318E+1	-3.46844000E+5	-3.34458000E+5	6.00000000E+0	4.70000000E+1	4.04900000E+0	4.05000000E+0	1.48148148E+0	2.96369474E+0	1.16078044E+1
9.60700000E+3	8.11753805E+1	-3.47650000E+5	-3.35266000E+5	1.20000000E+1	5.70000000E+1	4.05000000E+0	4.05000000E+0	2.96296296E+0	5.43209877E+0	1.40740741E+1
9.60725000E+3	8.11659395E+1	-3.48456000E+5	-3.36073000E+5	9.00000000E+0	5.70000000E+1	4.04900000E+0	4.04900000E+0	2.22277105E+0	3.45764386E+0	1.40775500E+1
9.60750000E+3	8.11565088E+1	-3.49260000E+5	-3.36879000E+5	5.00000000E+0	4.00000000E+1	4.05000000E+0	4.05100000E+0	1.23426314E+0	2.46913580E+0	9.87654321E+0
9.60775000E+3	8.11470885E+1	-3.50064000E+5	-3.37684000E+5	7.00000000E+0	5.50000000E+1	4.04900000E+0	4.05000000E+0	1.72839506E+0	3.95159299E+0	1.35836009E+1
9.60800000E+3	8.11376784E+1	-3.50867000E+5	-3.38488000E+5	1.10000000E+1	5.80000000E+1	4.05000000E+0	4.05100000E+0	2.71537892E+0	4.44444444E+0	1.43209877E+1
9.60825000E+3	8.11282785E+1	-3.51669000E+5	-3.39291000E+5	9.00000000E+0	4.80000000E+1	4.05000000E+0	4.05000000E+0	2.22222222E+0	3.20987654E+0	1.18518519E+1
9.60850000E+3	8.11188888E+1	-3.52469000E+5	-3.40093000E+5	7.00000000E+0	4.50000000E+1	4.05000000E+0	4.05100000E+0	1.72796840E+0	2.46913580E+0	1.11111111E+1
9.60875000E+3	8.11095093E+1	-3.53269000E+5	-3.40894000E+5	4.00000000E+0	5.40000000E+1	4.04900000E+0	4.04900000E+0	9.87898246E-1	1.97579649E+0	1.33366263E+1
9.60900000E+3	8.11001399E+1	-3.54068000E+5	-3.41695000E+5	7.00000000E+0	6.40000000E+1	4.04900000E+0	4.05000000E+0	1.72839506E+0	4.19856755E+0	1.58063719E+1
9.60925000E+3	8.10907806E+1	-3.54866000E+5	-3.42494000E+5	1.00000000E+1	5.90000000E+1	4.05000000E+0	4.05000000E+0	2.46913580E+0	3.20987654E+0	1.45679012E+1
9.60950000E+3	8.10814314E+1	-3.55663000E+5	-3.43292000E+5	9.00000000E+0	5.20000000E+1	4.04900000E+0	4.05000000E+0	2.22222222E+0	3.45764386E+0	1.28426772E+1
9.60975000E+3	8.10720922E+1	-3.56459000E+5	-3.44090000E+5	2.00000000E+0	3.90000000E+1	4.05000000E+0	4.05000000E+0	4.93827160E-1	9.87654321E-1	9.62962963E+0
9.61000000E+3	8.10627631E+1	-3.57255000E+5	-3.44886000E+5	9.00000000E+0	5.20000000E+1	4.05000000E+0	4.05000000E+0	2.22222222E+0	3.45679012E+0	1.28395062E+1
9.61025000E+3	8.10534439E+1	-3.58049000E+5	-3.45682000E+5	7.00000000E+0	5.30000000E+1	4.05000000E+0	4.05100000E+0	1.72796840E+0	2.71604938E+0	1.30864198E+1
9.61050000E+3	8.10441347E+1	-3.58842000E+5	-3.46476000E+5	8.00000000E+0	5.40000000E+1	4.05000000E+0	4.05100000E+0	1.97482103E+0	3.20987654E+0	1.33333333E+1
9.61075000E+3	8.10348353E+1	-3.59634000E+5	-3.47270000E+5	5.00000000E+0	4.80000000E+1	4.04900000E+0	4.05000000E+0	1.23456790E+0	2.46974562E+0	1.18547790E+1
9.61100000E+3	8.10255459E+1	-3.60426000E+5	-3.48063000E+5	6.00000000E+0	5.00000000E+1	4.05000000E+0	4.05100000E+0	1.48111577E+0	3.45679012E+0	1.23456790E+1
9.61125000E+3	8.10162663E+1	-3.61216000E+5	-3.48855000E+5	3.00000000E+0	4.40000000E+1	4.05000000E+0	4.05000000E+0	7.40740741E-1	1.23456790E+0	1.08641975E+1
9.61150000E+3	8.10069966E+1	-3.62006000E+5	-3.49645000E+5	4.00000000E+0	5.20000000E+1	4.05000000E+0	4.05100000E+0	9.87410516E-1	2.22222222E+0	1.28395062E+1
9.61175000E+3	8.09977366E+1	-3.62795000E+5	-3.50435000E+5	4.00000000E+0	3.90000000E+1	4.05000000E+0	4.05100000E+0	9.87410516E-1	1.97530864E+0	9.62962963E+0
9.61200000E+3	8.09884864E+1	-3.63582000E+5	-3.51224000E+5	5.00000000E+0	4.80000000E+1	4.05000000E+0	4.05000000E+0	1.23456790E+0	2.46913580E+0	1.18518519E+1
9.61225000E+3	8.09792460E+1	-3.64369000E+5	-3.52013000E+5	6.00000000E+0	6.20000000E+1	4.04900000E+0	4.04900000E+0	1.48184737E+0	3.70461842E+0	1.53124228E+1
9.61250000E+3	8.09700152E+1	-3.65155000E+5	-3.52800000E+5	1.00000000E+0	3.50000000E+1	4.05000000E+0	4.05100000E+0	2.46852629E-1	1.23456790E+0	8.64197531E+0
9.61275000E+3	8.09607941E+1	-3.65940000E+5	-3.53586000E+5	3.00000000E+0	5.20000000E+1	4.04900000E+0	4.04900000E+0	7.40923685E-1	1.72882193E+0	1.28426772E+1
9.61300000E+3	8.09515827E+1	-3.66724000E+5	-3.54372000E+5	4.00000000E+0	4.70000000E+1	4.04800000E+0	4.04900000E+0	9.87898246E-1	1.72924901E+0	1.16106719E+1
9.61325000E+3	8.09423809E+1	-3.67508000E+5	-3.55156000E+5	7.00000000E+0	5.90000000E+1	4.05000000E+0	4.05000000E+0	1.72839506E+0	3.20987654E+0	1.45679012E+1
9.61350000E+3	8.09331887E+1	-3.68290000E+5	-3.55940000E+5	6.00000000E+0	4.30000000E+1	4.05100000E+0	4.05100000E+0	1.48111577E+0	2.71537892E+0	1.06146630E+1
9.61375000E+3	8.09240061E+1	-3.69071000E+5	-3.56722000E+5	6.00000000E+0	4.60000000E+1	4.05000000E+0	4.05000000E+0	1.48148148E+0	2.22222222E+0	1.13580247E+1
9.61400000E+3	8.09148329E+1	-3.69852000E+5	-3.57504000E+5	1.10000000E+1	6.40000000E+1	4.05000000E+0	4.05100000E+0	2.71537892E+0	3.95061728E+0	1.58024691E+1
9.61425000E+3	8.09056693E+1	-3.70631000E+5	-3.58285000E+5	1.00000000E+1	5.00000000E+1	4.05000000E+0	4.05100000E+0	2.46852629E+0	4.19753086E+0	1.23456790E+1
9.61450000E+3	8.08965152E+1	-3.71410000E+5	-3.59065000E+5	4.00000000E+0	6.40000000E+1	4.05000000E+0	4.05000000E+0	9.87654321E-1	3.70370370E+0	1.58024691E+1
9.61475000E+3	8.08873705E+1	-3.72188000E+5	-3.59844000E+5	8.00000000E+0	4.30000000E+1	4.05000000E+0	4.05100000E+0	1.97482103E+0	2.71604938E+0	1.06172840E+1
9.61500000E+3	8.08782352E+1	-3.72965000E+5	-3.60623000E+5	4.00000000E+0	5.60000000E+1	4.05000000E+0	4.05100000E+0	9.87410516E-1	2.46913580E+0	1.38271605E+1
9.61525000E+3	8.08691094E+1	-3.73741000E+5	-3.61400000E+5	7.00000000E+0	5.20000000E+1	4.04900000E+0	4.04900000E+0	1.72882193E+0	3.21066930E+0	1.28426772E+1
9.61550000E+3	8.08599928E+1	-3.74516000E+5	-3.62177000E+5	5.00000000E+0	5.10000000E+1	4.05000000E+0	4.05100000E+0	1.23426314E+0	4.19753086E+0	1.25925926E+1
9.61575000E+3	8.08508857E+1	-3.75291000E+5	-3.62952000E+5	3.00000000E+0	4.30000000E+1	4.05000000E+0	4.05000000E+0	7.40740741E-1	2.71604938E+0	1.06172840E+1
9.61600000E+3	8.08417878E+1	-3.76064000E+5	-3.63727000E+5	5.00000000E+0	3.90000000E+1	4.04900000E+0	4.04900000E+0	1.23487281E+0	2.96369474E+0	9.63200790E+0
9.61625000E+3	8.08326992E+1	-3.76837000E+5	-3.64501000E+5	4.00000000E+0	5.10000000E+1	4.04900000E+0	4.04900000E+0	9.87898246E-1	2.46974562E+0	1.25957026E+1
9.61650000E+3	8.08236199E+1	-3.77608000E+5	-3.65274000E+5	4.00000000E+0	5.00000000E+1	4.05000000E+0	4.05000000E+0	9.87654321E-1	3.70370370E+0	1.23456790E+1
9.61675000E+3	8.08145498E+1	-3.78379000E+5	-3.66046000E+5	3.00000000E+0	4.20000000E+1	4.04900000E+0	4.05000000E+0	7.40740741E-1	1.48184737E+0	1.03729316E+1
9.61700000E+3	8.08054889E+1	-3.79149000E+5	-3.66817000E+5	5.00000000E+0	4.10000000E+1	4.05000000E+0	4.05100000E+0	1.23426314E+0	1.72839506E+0	1.01234568E+1
9.61725000E+3	8.07964372E+1	-3.79918000E+5	-3.67588000E+5	3.00000000E+0	4.60000000E+1	4.04900000E+0	4.05000000E+0	7.40740741E-1	1.23487281E+0	1.13608298E+1
9.61750000E+3	8.07873946E+1	-3.80687000E+5	-3.68357000E+5	6.00000000E+0	4.90000000E+1	4.05000000E+0	4.05100000E+0	1.48111577E+0	2.22222222E+0	1.20987654E+1
9.61775000E+3	8.07783612E+1	-3.81454000E+5	-3.69126000E+5	1.00000000E+0	3.40000000E+1	4.05000000E+0	4.05100000E+0	2.46852629E-1	9.87654321E-1	8.39506173E+0
9.61800000E+3	8.07693368E+1	-3.82221000E+5	-3.69894000E+5	6.00000000E+0	4.90000000E+1	4.05000000E+0	4.05000000E+0	1.48148148E+0	2.46913580E+0	1.20987654E+1
9.61825000E+3	8.07603215E+1	-3.82986000E+5	-3.70661000E+5	3.00000000E+0	4.70000000E+1	4.05000000E+0	4.05100000E+0	7.40557887E-1	2.22222222E+0	1.16049383E+1
9.61850000E+3	8.07513153E+1	-3.83751000E+5	-3.71427000E+5	3.00000000E+0	3.60000000E+1	4.05000000E+0	4.05000000E+0	7.40740741E-1	1.72839506E+0	8.88888889E+0
9.61875000E+3	8.07423180E+1	-3.84515000E+5	-3.72193000E+5	6.00000000E+0	5.10000000E+1	4.04900000E+0	4.04900000E+0	1.48184737E+0	2.46974562E+0	1.25957026E+1
9.61900000E+3	8.07333298E+1	-3.85278000E+5	-3.72957000E+5	5.00000000E+0	4.70000000E+1	4.04900000E+0	4.05000000E+0	1.23456790E+0	2.46974562E+0	1.16078044E+1
9.61925000E+3	8.07243505E+1	-3.86041000E+5	-3.73721000E+5	2.00000000E+0	6.40000000E+1	4.05000000E+0	4.05000000E+0	4.93827160E-1	1.72839506E+0	1.58024691E+1
9.61950000E+3	8.07153802E+1	-3.86802000E+5	-3.74483000E+5	2.00000000E+0	3.90000000E+1	4.05000000E+0	4.05000000E+0	4.93827160E-1	1.72839506E+0	9.62962963E+0
9.61975000E+3	8.07064188E+1	-3.87563000E+5	-3.75245000E+5	8.00000000E+0	4.90000000E+1	4.05000000E+0	4.05000000E+0	1.97530864E+0	3.20987654E+0	1.20987654E+1
9.62000000E+3	8.06974663E+1	-3.88323000E+5	-3.76006000E+5	8.00000000E+0	4.20000000E+1	4.05000000E+0	4.05000000E+0	1.97530864E+0	3.20987654E+0	1.03703704E+1
9.62025000E+3	8.06885226E+1	-3.89082000E+5	-3.76767000E+5	4.00000000E+0	5.00000000E+1	4.05000000E+0	4.05000000E+0	9.87654321E-1	2.96296296E+0	1.23456790E+1
9.62050000E+3	8.06795878E+1	-3.89840000E+5	-3.77526000E+5	2.00000000E+0	5.40000000E+1	4.04900000E+0	4.04900000E+0	4.93949123E-1	2.22277105E+0	1.33366263E+1
9.62075000E+3	8.06706617E+1	-3.90597000E+5	-3.78285000E+5	2.00000000E+0	5.50000000E+1	4.04900000E+0	4.04900000E+0	4.93949123E-1	2.22277105E+0	1.35836009E+1
9.62100000E+3	8.06617445E+1	-3.91354000E+5	-3.79043000E+5	5.00000000E+0	5.10000000E+1	4.05000000E+0	4.05000000E+0	1.23456790E+0	2.71604938E+0	1.25925926E+1
9.62125000E+3	8.06528360E+1	-3.92109000E+5	-3.79800000E+5	4.00000000E+0	4.30000000E+1	4.05000000E+0	4.05100000E+0	9.87410516E-1	1.97530864E+0	1.06172840E+1
9.62150000E+3	8.06439363E+1	-3.92864000E+5	-3.80556000E+5	9.00000000E+0	6.30000000E+1	4.05100000E+0	4.05100000E+0	2.22167366E+0	2.96223155E+0	1.55517156E+1
9.62175000E+3	8.06350453E+1	-3.93618000E+5	-3.81311000E+5	2.00000000E+0	3.50000000E+1	4.04900000E+0	4.05000000E+0	4.93827160E-1	2.46974562E+0	8.64410966E+0
9.62200000E+3	8.06261630E+1	-3.94371000E+5	-3.82066000E+5	9.00000000E+0	5.70000000E+1	4.05100000E+0	4.05100000E+0	2.22167366E+0	4.44334732E+0	1.40705999E+1
9.62225000E+3	8.06172893E+1	-3.95124000E+5	-3.82819000E+5	5.00000000E+0	5.00000000E+1	4.05000000E+0	4.05000000E+0	1.23456790E+0	3.45679012E+0	1.23456790E+1
9.62250000E+3	8.06084243E+1	-3.95875000E+5	-3.83572000E+5	4.00000000E+0	4.60000000E+1	4.04900000E+0	4.05000000E+0	9.87654321E-1	2.22277105E+0	1.13608298E+1
9.62275000E+3	8.05995679E+1	-3.96626000E+5	-3.84324000E+5	7.00000000E+0	6.10000000E+1	4.04900000E+0	4.05000000E+0	1.72839506E+0	3.70461842E+0	1.50654483E+1
9.62300000E+3	8.05907201E+1	-3.97376000E+5	-3.85075000E+5	1.00000000E+1	5.70000000E+1	4.05000000E+0	4.05000000E+0	2.46913580E+0	3.45679012E+0	1.40740741E+1
9.62325000E+3	8.05818809E+1	-3.98125000E+5	-3.85826000E+5	5.00000000E+0	5.00000000E+1	4.05000000E+0	4.05000000E+0	1.23456790E+0	4.19753086E+0	1.23456790E+1
9.62350000E+3	8.05730502E+1	-3.98873000E+5	-3.86576000E+5	5.00000000E+0	4.90000000E+1	4.05000000E+0	4.05000000E+0	1.23456790E+0	2.22222222E+0	1.20987654E+1
9.62375000E+3	8.05642280E+1	-3.99621000E+5	-3.87324000E+5	2.00000000E+0	4.40000000E+1	4.05000000E+0	4.05100000E+0	4.93705258E-1	2.22222222E+0	1.08641975E+1
9.62400000E+3	8.05554143E+1	-4.00368000E+5	-3.88072000E+5	4.00000000E+0	4.80000000E+1	4.04900000E+0	4.05000000E+0	9.87654321E-1	2.96369474E+0	1.18547790E+1
9.62425000E+3	8.05466091E+1	-4.01114000E+5	-3.88820000E+5	7.00000000E+0	5.90000000E+1	4.05000000E+0	4.05000000E+0	1.72839506E+0	2.96296296E+0	1.45679012E+1
9.62450000E+3	8.05378124E+1	-4.01859000E+5	-3.89566000E+5	6.00000000E+0	3.60000000E+1	4.05000000E+0	4.05000000E+0	1.48148148E+0	2.46913580E+0	8.88888889E+0
9.62475000E+3	8.05290241E+1	-4.02603000E+5	-3.90312000E+5	3.00000000E+0	4.70000000E+1	4.05100000E+0	4.05100000E+0	7.40557887E-1	2.22167366E+0	1.16020736E+1
9.62500000E+3	8.05202442E+1	-4.03347000E+5	-3.91057000E+5	4.00000000E+0	5.50000000E+1	4.04900000E+0	4.05000000E+0	9.87654321E-1	2.46974562E+0	1.35836009E+1
9.62525000E+3	8.05114726E+1	-4.04089000E+5	-3.91801000E+5	7.00000000E+0	5.20000000E+1	4.04900000E+0	4.04900000E+0	1.72882193E+0	2.22277105E+0	1.28426772E+1
9.62550000E+3	8.05027095E+1	-4.04831000E+5	-3.92544000E+5	7.00000000E+0	5.00000000E+1	4.04900000E+0	4.04900000E+0	1.72882193E+0	2.96369474E+0	1.23487281E+1
9.62575000E+3	8.04939546E+1	-4.05573000E+5	-3.93287000E+5	1.00000000E+0	3.60000000E+1	4.04900000E+0	4.04900000E+0	2.46974562E-1	1.23487281E+0	8.89108422E+0
9.62600000E+3	8.04852081E+1	-4.06313000E+5	-3.94028000E+5	1.10000000E+1	6.40000000E+1	4.05000000E+0	4.05000000E+0	2.71604938E+0	3.95061728E+0	1.58024691E+1
9.62625000E+3	8.04764699E+1	-4.07053000E+5	-3.94769000E+5	4.00000000E+0	3.40000000E+1	4.05000000E+0	4.05100000E+0	9.87410516E-1	2.22222222E+0	8.39506173E+0
9.62650000E+3	8.04677399E+1	-4.07792000E+5	-3.95509000E+5	5.00000000E+0	4.50000000E+1	4.05000000E+0	4.05100000E+0	1.23426314E+0	1.97530864E+0	1.11111111E+1
9.62675000E+3	8.04590182E+1	-4.08530000E+5	-3.96249000E+5	4.00000000E+0	5.30000000E+1	4.05000000E+0	4.05000000E+0	9.87654321E-1	3.20987654E+0	1.30864198E+1
9.62700000E+3	8.04503047E+1	-4.09267000E+5	-3.96987000E+5	5.00000000E+0	5.30000000E+1	4.05100000E+0	4.05100000E+0	1.23426314E+0	2.22167366E+0	1.30831893E+1
9.62725000E+3	8.04415994E+1	-4.10003000E+5	-3.97725000E+5	5.00000000E+0	5.10000000E+1	4.05000000E+0	4.05000000E+0	1.23456790E+0	3.45679012E+0	1.25925926E+1
9.62750000E+3	8.04329023E+1	-4.10739000E+5	-3.98462000E+5	5.00000000E+0	5.30000000E+1	4.05000000E+0	4.05100000E+0	1.23426314E+0	2.96296296E+0	1.30864198E+1
9.62775000E+3	8.04242133E+1	-4.11474000E+5	-3.99199000E+5	3.00000000E+0	4.60000000E+1	4.05000000E+0	4.05000000E+0	7.40740741E-1	9.87654321E-1	1.13580247E+1
9.62800000E+3	8.04155325E+1	-4.12208000E+5	-3.99934000E+5	3.00000000E+0	5.60000000E+1	4.04900000E+0	4.04900000E+0	7.40923685E-1	2.22277105E+0	1.38305755E+1
9.62825000E+3	8.04068598E+1	-4.12942000E+5	-4.00669000E+5	7.00000000E+0	5.50000000E+1	4.04800000E+0	4.04800000E+0	1.72924901E+0	3.45849802E+0	1.35869565E+1
9.62850000E+3	8.03981952E+1	-4.13675000E+5	-4.01403000E+5	3.00000000E+0	4.50000000E+1	4.05000000E+0	4.05100000E+0	7.40557887E-1	2.46913580E+0	1.11111111E+1
9.62875000E+3	8.03895387E+1	-4.14407000E+5	-4.02136000E+5	8.00000000E+0	5.70000000E+1	4.05000000E+0	4.05000000E+0	1.97530864E+0	4.69135802E+0	1.40740741E+1
9.62900000E+3	8.03808902E+1	-4.15138000E+5	-4.02869000E+5	6.00000000E+0	4.80000000E+1	4.05000000E+0	4.05100000E+0	1.48111577E+0	2.71604938E+0	1.18518519E+1
9.62925000E+3	8.03722497E+1	-4.15868000E+5	-4.03600000E+5	6.00000000E+0	5.50000000E+1	4.05000000E+0	4.05000000E+0	1.48148148E+0	3.45679012E+0	1.35802469E+1
9.62950000E+3	8.03636173E+1	-4.16598000E+5	-4.04331000E+5	7.00000000E+0	5.00000000E+1	4.05000000E+0	4.05000000E+0	1.72839506E+0	2.96296296E+0	1.23456790E+1
9.62975000E+3	8.03549928E+1	-4.17327000E+5	-4.05061000E+5	3.00000000E+0	4.60000000E+1	4.05000000E+0	4.05000000E+0	7.40740741E-1	1.72839506E+0	1.13580247E+1
9.63000000E+3	8.03463763E+1	-4.18055000E+5	-4.05791000E+5	3.00000000E+0	5.40000000E+1	4.05000000E+0	4.05000000E+0	7.40740741E-1	1.48148148E+0	1.33333333E+1
9.63025000E+3	8.03377677E+1	-4.18782000E+5	-4.06520000E+5	9.00000000E+0	5.90000000E+1	4.05000000E+0	4.05000000E+0	2.22222222E+0	3.70370370E+0	1.45679012E+1
9.63050000E+3	8.03291671E+1	-4.19509000E+5	-4.07248000E+5	7.00000000E+0	4.50000000E+1	4.04900000E+0	4.04900000E+0	1.72882193E+0	2.96369474E+0	1.11138553E+1
9.63075000E+3	8.03205743E+1	-4.20235000E+5	-4.07975000E+5	6.00000000E+0	3.90000000E+1	4.04900000E+0	4.04900000E+0	1.48184737E+0	2.46974562E+0	9.63200790E+0
9.63100000E+3	8.03119895E+1	-4.20960000E+5	-4.08701000E+5	5.00000000E+0	4.40000000E+1	4.04900000E+0	4.05000000E+0	1.23456790E+0	2.46974562E+0	1.08668807E+1
9.63125000E+3	8.03034125E+1	-4.21685000E+5	-4.09427000E+5	8.00000000E+0	6.20000000E+1	4.04900000E+0	4.05000000E+0	1.97530864E+0	3.21066930E+0	1.53124228E+1
9.63150000E+3	8.02948433E+1	-4.22408000E+5	-4.10152000E+5	2.00000000E+0	4.40000000E+1	4.05000000E+0	4.05000000E+0	4.93827160E-1	2.46913580E+0	1.08641975E+1
9.63175000E+3	8.02862820E+1	-4.23131000E+5	-4.10876000E+5	7.00000000E+0	4.10000000E+1	4.05000000E+0	4.05000000E+0	1.72839506E+0	3.45679012E+0	1.01234568E+1
9.63200000E+3	8.02777285E+1	-4.23853000E+5	-4.11600000E+5	4.00000000E+0	4.90000000E+1	4.04900000E+0	4.04900000E+0	9.87898246E-1	1.48184737E+0	1.21017535E+1
9.63225000E+3	8.02691827E+1	-4.24575000E+5	-4.12323000E+5	8.00000000E+0	5.10000000E+1	4.04900000E+0	4.04900000E+0	1.97579649E+0	3.45764386E+0	1.25957026E+1
9.63250000E+3	8.02606447E+1	-4.25296000E+5	-4.13045000E+5	4.00000000E+0	4.80000000E+1	4.05000000E+0	4.05100000E+0	9.87410516E-1	3.20987654E+0	1.18518519E+1
9.63275000E+3	8.02521144E+1	-4.26016000E+5	-4.13766000E+5	5.00000000E+0	4.80000000E+1	4.04900000E+0	4.05000000E+0	1.23456790E+0	2.22277105E+0	1.18547790E+1
9.63300000E+3	8.02435919E+1	-4.26735000E+5	-4.14487000E+5	6.00000000E+0	5.50000000E+1	4.05100000E+0	4.05100000E+0	1.48111577E+0	2.22167366E+0	1.35768946E+1
9.63325000E+3	8.02350770E+1	-4.27454000E+5	-4.15206000E+5	2.00000000E+0	4.00000000E+1	4.05000000E+0	4.05000000E+0	4.93827160E-1	1.97530864E+0	9.87654321E+0
9.63350000E+3	8.02265699E+1	-4.28171000E+5	-4.15926000E+5	8.00000000E+0	6.10000000E+1	4.05000000E+0	4.05100000E+0	1.97482103E+0	3.45679012E+0	1.50617284E+1
9.63375000E+3	8.02180703E+1	-4.28889000E+5	-4.16644000E+5	5.00000000E+0	4.10000000E+1	4.05100000E+0	4.05100000E+0	1.23426314E+0	2.46852629E+0	1.01209578E+1
9.63400000E+3	8.02095785E+1	-4.29605000E+5	-4.17362000E+5	7.00000000E+0	4.60000000E+1	4.05000000E+0	4.05100000E+0	1.72796840E+0	3.20987654E+0	1.13580247E+1
9.63425000E+3	8.02010942E+1	-4.30321000E+5	-4.18079000E+5	1.00000000E+1	5.40000000E+1	4.05000000E+0	4.05000000E+0	2.46913580E+0	3.70370370E+0	1.33333333E+1
9.63450000E+3	8.01926176E+1	-4.31036000E+5	-4.18795000E+5	4.00000000E+0	4.80000000E+1	4.04900000E+0	4.05000000E+0	9.87654321E-1	2.71672018E+0	1.18547790E+1
9.63475000E+3	8.01841485E+1	-4.31750000E+5	-4.19511000E+5	6.00000000E+0	4.40000000E+1	4.05000000E+0	4.05000000E+0	1.48148148E+0	2.96296296E+0	1.08641975E+1
9.63500000E+3	8.01756870E+1	-4.32463000E+5	-4.20225000E+5	2.00000000E+0	6.00000000E+1	4.05000000E+0	4.05000000E+0	4.93827160E-1	2.96296296E+0	1.48148148E+1
9.63525000E+3	8.01672330E+1	-4.33176000E+5	-4.20940000E+5	5.00000000E+0	4.20000000E+1	4.04900000E+0	4.05000000E+0	1.23456790E+0	3.21066930E+0	1.03729316E+1
9.63550000E+3	8.01587865E+1	-4.33888000E+5	-4.21653000E+5	9.00000000E+0	5.20000000E+1	4.05000000E+0	4.05100000E+0	2.22167366E+0	3.45679012E+0	1.28395062E+1
9.63575000E+3	8.01503476E+1	-4.34600000E+5	-4.22366000E+5	5.00000000E+0	4.00000000E+1	4.05000000E+0	4.05000000E+0	1.23456790E+0	1.97530864E+0	9.87654321E+0
9.63600000E+3	8.01419161E+1	-4.35310000E+5	-4.23078000E+5	6.00000000E+0	4.60000000E+1	4.04900000E+0	4.05000000E+0	1.48148148E+0	2.46974562E+0	1.13608298E+1
9.63625000E+3	8.01334921E+1	-4.36020000E+5	-4.23789000E+5	5.00000000E+0	4.60000000E+1	4.05000000E+0	4.05000000E+0	1.23456790E+0	1.97530864E+0	1.13580247E+1
9.63650000E+3	8.01250756E+1	-4.36730000E+5	-4.24500000E+5	3.00000000E+0	5.10000000E+1	4.04900000E+0	4.04900000E+0	7.40923685E-1	2.96369474E+0	1.25957026E+1
9.63675000E+3	8.01166665E+1	-4.37438000E+5	-4.25209000E+5	1.00000000E+1	5.50000000E+1	4.05000000E+0	4.05000000E+0	2.46913580E+0	3.70370370E+0	1.35802469E+1
9.63700000E+3	8.01082648E+1	-4.38146000E+5	-4.25919000E+5	4.00000000E+0	4.60000000E+1	4.05000000E+0	4.05000000E+0	9.87654321E-1	1.97530864E+0	1.13580247E+1
9.63725000E+3	8.00998704E+1	-4.38853000E+5	-4.26627000E+5	6.00000000E+0	4.80000000E+1	4.05000000E+0	4.05000000E+0	1.48148148E+0	2.96296296E+0	1.18518519E+1
9.63750000E+3	8.00914835E+1	-4.39560000E+5	-4.27335000E+5	7.00000000E+0	4.40000000E+1	4.04900000E+0	4.04900000E+0	1.72882193E+0	2.96369474E+0	1.08668807E+1
9.63775000E+3	8.00831039E+1	-4.40266000E+5	-4.28042000E+5	7.00000000E+0	4.90000000E+1	4.05000000E+0	4.05000000E+0	1.72839506E+0	3.45679012E+0	1.20987654E+1
9.63800000E+3	8.00747316E+1	-4.40971000E+5	-4.28748000E+5	6.00000000E+0	5.20000000E+1	4.04900000E+0	4.05000000E+0	1.48148148E+0	3.70461842E+0	1.28426772E+1
9.63825000E+3	8.00663667E+1	-4.41675000E+5	-4.29454000E+5	5.00000000E+0	5.50000000E+1	4.05100000E+0	4.05200000E+0	1.23395854E+0	3.20908418E+0	1.35768946E+1
9.63850000E+3	8.00580090E+1	-4.42379000E+5	-4.30159000E+5	7.00000000E+0	5.00000000E+1	4.04900000E+0	4.05000000E+0	1.72839506E+0	2.71672018E+0	1.23487281E+1
9.63875000E+3	8.00496587E+1	-4.43082000E+5	-4.30863000E+5	3.00000000E+0	4.40000000E+1	4.05000000E+0	4.05000000E+0	7.40740741E-1	1.48148148E+0	1.08641975E+1
9.63900000E+3	8.00413156E+1	-4.43784000E+5	-4.31567000E+5	3.00000000E+0	6.10000000E+1	4.04900000E+0	4.04900000E+0	7.40923685E-1	1.72882193E+0	1.50654483E+1
9.63925000E+3	8.00329797E+1	-4.44486000E+5	-4.32270000E+5	3.00000000E+0	4.20000000E+1	4.05000000E+0	4.05100000E+0	7.40557887E-1	1.48148148E+0	1.03703704E+1
9.63950000E+3	8.00246511E+1	-4.45187000E+5	-4.32972000E+5	1.00000000E+0	3.80000000E+1	4.04900000E+0	4.05000000E+0	2.46913580E-1	1.23487281E+0	9.38503334E+0
9.63975000E+3	8.00163296E+1	-4.45887000E+5	-4.33674000E+5	6.00000000E+0	4.40000000E+1	4.05000000E+0	4.05100000E+0	1.48111577E+0	2.46913580E+0	1.08641975E+1
9.64000000E+3	8.00080154E+1	-4.46587000E+5	-4.34375000E+5	5.70000000E+1	4.36000000E+2	4.00500000E+1	4.00510000E+1	1.42318544E+0	2.72159800E+0	1.08863920E+1
9.64025000E+3	7.99997084E+1	-4.47286000E+5	-4.35075000E+5	4.90000000E+1	4.54000000E+2	4.00510000E+1	4.00510000E+1	1.22344011E+0	2.29707123E+0	1.13355472E+1
9.64050000E+3	7.99914085E+1	-4.47984000E+5	-4.35775000E+5	5.10000000E+1	4.75000000E+2	4.00510000E+1	4.00510000E+1	1.27337645E+0	2.49681656E+0	1.18598787E+1
9.64075000E+3	7.99831157E+1	-4.48682000E+5	-4.36473000E+5	5.10000000E+1	4.24000000E+2	4.00510000E+1	4.00510000E+1	1.27337645E+0	2.32203940E+0	1.05865022E+1
9.64100000E+3	7.99748300E+1	-4.49378000E+5	-4.37172000E+5	4.80000000E+1	4.71000000E+2	4.00490000E+1	4.00500000E+1	1.19850187E+0	2.84651302E+0	1.17605933E+1
9.64125000E+3	7.99665515E+1	-4.50075000E+5	-4.37869000E+5	6.80000000E+1	4.74000000E+2	4.00500000E+1	4.00510000E+1	1.69783526E+0	2.87141074E+0	1.18352060E+1
9.64150000E+3	7.99582800E+1	-4.50770000E+5	-4.38566000E+5	4.20000000E+1	4.63000000E+2	4.00510000E+1	4.00510000E+1	1.04866295E+0	2.29707123E+0	1.15602607E+1
9.64175000E+3	7.99500157E+1	-4.51465000E+5	-4.39262000E+5	5.20000000E+1	4.78000000E+2	4.00500000E+1	4.00510000E+1	1.29834461E+0	2.84644195E+0	1.19350811E+1
9.64200000E+3	7.99417583E+1	-4.52159000E+5	-4.39958000E+5	5.20000000E+1	4.65000000E+2	4.00500000E+1	4.00510000E+1	1.29834461E+0	2.49687890E+0	1.16104869E+1
9.64225000E+3	7.99335080E+1	-4.52853000E+5	-4.40653000E+5	5.10000000E+1	4.54000000E+2	4.00500000E+1	4.00510000E+1	1.27337645E+0	2.62172285E+0	1.13358302E+1
9.64250000E+3	7.99252647E+1	-4.53546000E+5	-4.41347000E+5	5.10000000E+1	4.51000000E+2	4.00500000E+1	4.00510000E+1	1.27337645E+0	2.57178527E+0	1.12609238E+1
9.64275000E+3	7.99170284E+1	-4.54238000E+5	-4.42040000E+5	4.70000000E+1	4.65000000E+2	4.00500000E+1	4.00510000E+1	1.17350378E+0	2.17228464E+0	1.16104869E+1
9.64300000E+3	7.99087991E+1	-4.54930000E+5	-4.42733000E+5	6.00000000E+1	4.88000000E+2	4.00500000E+1	4.00510000E+1	1.49808994E+0	2.89637953E+0	1.21847690E+1
9.64325000E+3	7.99005768E+1	-4.55621000E+5	-4.43426000E+5	5.40000000E+1	4.55000000E+2	4.00500000E+1	4.00510000E+1	1.34828094E+0	2.99625468E+0	1.13607990E+1
9.64350000E+3	7.98923614E+1	-4.56311000E+5	-4.44117000E+5	6.10000000E+1	4.79000000E+2	4.00510000E+1	4.00510000E+1	1.52305810E+0	2.87133904E+0	1.19597513E+1
9.64375000E+3	7.98841530E+1	-4.57001000E+5	-4.44808000E+5	6.00000000E+1	4.37000000E+2	4.00500000E+1	4.00510000E+1	1.49808994E+0	2.97128589E+0	1.09113608E+1
9.64400000E+3	7.98759514E+1	-4.57689000E+5	-4.45498000E+5	6.40000000E+1	4.53000000E+2	4.00500000E+1	4.00500000E+1	1.59800250E+0	2.97128589E+0	1.13108614E+1
9.64425000E+3	7.98677568E+1	-4.58378000E+5	-4.46188000E+5	5.70000000E+1	4.87000000E+2	4.00490000E+1	4.00500000E+1	1.42322097E+0	2.77160478E+0	1.21601039E+1
9.64450000E+3	7.98595690E+1	-4.59065000E+5	-4.46877000E+5	4.80000000E+1	4.40000000E+2	4.00500000E+1	4.00500000E+1	1.19850187E+0	2.47191011E+0	1.09862672E+1
9.64475000E+3	7.98513881E+1	-4.59752000E+5	-4.47565000E+5	5.00000000E+1	4.73000000E+2	4.00510000E+1	4.00510000E+1	1.24840828E+0	2.42191206E+0	1.18099423E+1
9.64500000E+3	7.98432141E+1	-4.60439000E+5	-4.48253000E+5	4.90000000E+1	4.83000000E+2	4.00500000E+1	4.00500000E+1	1.22347066E+0	2.77153558E+0	1.20599251E+1
9.64525000E+3	7.98350469E+1	-4.61124000E+5	-4.48940000E+5	4.90000000E+1	4.57000000E+2	4.00510000E+1	4.00510000E+1	1.22344011E+0	2.92127537E+0	1.14104517E+1
9.64550000E+3	7.98268865E+1	-4.61809000E+5	-4.49626000E+5	5.70000000E+1	4.70000000E+2	4.00510000E+1	4.00510000E+1	1.42318544E+0	2.82140271E+0	1.17350378E+1
9.64575000E+3	7.98187329E+1	-4.62494000E+5	-4.50312000E+5	5.00000000E+1	4.63000000E+2	4.00510000E+1	4.00510000E+1	1.24840828E+0	2.54675289E+0	1.15602607E+1
9.64600000E+3	7.98105861E+1	-4.63178000E+5	-4.50997000E+5	5.20000000E+1	4.54000000E+2	4.00500000E+1	4.00510000E+1	1.29834461E+0	2.47191011E+0	1.13358302E+1
9.64625000E+3	7.98024461E+1	-4.63861000E+5	-4.51681000E+5	6.50000000E+1	4.40000000E+2	4.00510000E+1	4.00510000E+1	1.62293076E+0	2.69656188E+0	1.09859929E+1
9.64650000E+3	7.97943128E+1	-4.64543000E+5	-4.52365000E+5	5.10000000E+1	4.15000000E+2	4.00500000E+1	4.00500000E+1	1.27340824E+0	2.49687890E+0	1.03620474E+1
9.64675000E+3	7.97861863E+1	-4.65225000E+5	-4.53048000E+5	5.90000000E+1	5.03000000E+2	4.00490000E+1	4.00500000E+1	1.47315855E+0	2.79657420E+0	1.25596145E+1
9.64700000E+3	7.97780665E+1	-4.65906000E+5	-4.53731000E+5	6.50000000E+1	4.91000000E+2	4.00500000E+1	4.00510000E+1	1.62293076E+0	2.84644195E+0	1.22596754E+1
9.64725000E+3	7.97699534E+1	-4.66587000E+5	-4.54413000E+5	5.70000000E+1	4.76000000E+2	4.00510000E+1	4.00510000E+1	1.42318544E+0	2.69656188E+0	1.18848468E+1
9.64750000E+3	7.97618469E+1	-4.67267000E+5	-4.55094000E+5	8.10000000E+1	4.73000000E+2	4.00510000E+1	4.00510000E+1	2.02242141E+0	3.27082969E+0	1.18099423E+1
9.64775000E+3	7.97537472E+1	-4.67946000E+5	-4.55774000E+5	6.00000000E+1	4.46000000E+2	4.00510000E+1	4.00510000E+1	1.49808994E+0	2.77146638E+0	1.11358019E+1
9.64800000E+3	7.97456541E+1	-4.68625000E+5	-4.56454000E+5	7.20000000E+1	4.43000000E+2	4.00510000E+1	4.00510000E+1	1.79770792E+0	2.94624354E+0	1.10608974E+1
9.64825000E+3	7.97375676E+1	-4.69303000E+5	-4.57134000E+5	5.60000000E+1	4.35000000E+2	4.00490000E+1	4.00500000E+1	1.39825218E+0	2.64675772E+0	1.08616944E+1
9.64850000E+3	7.97294878E+1	-4.69980000E+5	-4.57812000E+5	5.70000000E+1	4.67000000E+2	4.00510000E+1	4.00510000E+1	1.42318544E+0	2.77146638E+0	1.16601333E+1
9.64875000E+3	7.97214146E+1	-4.70657000E+5	-4.58490000E+5	6.00000000E+1	4.42000000E+2	4.00500000E+1	4.00510000E+1	1.49808994E+0	2.57178527E+0	1.10362047E+1
9.64900000E+3	7.97133480E+1	-4.71333000E+5	-4.59168000E+5	6.20000000E+1	4.53000000E+2	4.00520000E+1	4.00520000E+1	1.54798762E+0	2.99610506E+0	1.13102966E+1
9.64925000E+3	7.97052880E+1	-4.72009000E+5	-4.59845000E+5	7.50000000E+1	4.94000000E+2	4.00510000E+1	4.00510000E+1	1.87261242E+0	3.19592520E+0	1.23342738E+1
9.64950000E+3	7.96972345E+1	-4.72684000E+5	-4.60521000E+5	7.90000000E+1	4.85000000E+2	4.00500000E+1	4.00500000E+1	1.97253433E+0	3.24594257E+0	1.21098627E+1
9.64975000E+3	7.96891876E+1	-4.73358000E+5	-4.61197000E+5	7.40000000E+1	4.56000000E+2	4.00510000E+1	4.00510000E+1	1.84764425E+0	2.97121171E+0	1.13854835E+1
9.65000000E+3	7.96811472E+1	-4.74032000E+5	-4.61872000E+5	7.40000000E+1	4.70000000E+2	4.00510000E+1	4.00510000E+1	1.84764425E+0	2.94624354E+0	1.17350378E+1
9.65025000E+3	7.96731134E+1	-4.74705000E+5	-4.62546000E+5	8.00000000E+1	4.88000000E+2	4.00510000E+1	4.00510000E+1	1.99745325E+0	3.32076602E+0	1.21844648E+1
9.65050000E+3	7.96650860E+1	-4.75377000E+5	-4.63220000E+5	1.01000000E+2	5.35000000E+2	4.00500000E+1	4.00510000E+1	2.52178472E+0	4.14481898E+0	1.33583021E+1
9.65075000E+3	7.96570652E+1	-4.76049000E+5	-4.63893000E+5	9.70000000E+1	4.97000000E+2	4.00500000E+1	4.00510000E+1	2.42191206E+0	3.64544320E+0	1.24094881E+1
9.65100000E+3	7.96490508E+1	-4.76720000E+5	-4.64565000E+5	1.08000000E+2	5.06000000E+2	4.00510000E+1	4.00510000E+1	2.69656188E+0	3.96993833E+0	1.26338918E+1
9.65125000E+3	7.96410429E+1	-4.77391000E+5	-4.65237000E+5	1.06000000E+2	4.81000000E+2	4.00500000E+1	4.00510000E+1	2.64662555E+0	3.77028714E+0	1.20099875E+1
9.65150000E+3	7.96330414E+1	-4.78061000E+5	-4.65908000E+5	1.09000000E+2	5.14000000E+2	4.00510000E+1	4.00510000E+1	2.72153005E+0	4.24458815E+0	1.28336371E+1
9.65175000E+3	7.96250464E+1	-4.78730000E+5	-4.66579000E+5	1.09000000E+2	4.99000000E+2	4.00510000E+1	4.00510000E+1	2.72153005E+0	3.94497016E+0	1.24591146E+1
9.65200000E+3	7.96170577E+1	-4.79399000E+5	-4.67249000E+5	1.29000000E+2	5.37000000E+2	4.00500000E+1	4.00510000E+1	3.22089336E+0	4.59425718E+0	1.34082397E+1
9.65225000E+3	7.96090755E+1	-4.80067000E+5	-4.67919000E+5	1.45000000E+2	5.39000000E+2	4.00500000E+1	4.00500000E+1	3.62047441E+0	5.11860175E+0	1.34581773E+1
9.65250000E+3	7.96010997E+1	-4.80735000E+5	-4.68587000E+5	1.36000000E+2	5.31000000E+2	4.00500000E+1	4.00500000E+1	3.39575531E+0	4.84394507E+0	1.32584270E+1
9.65275000E+3	7.95931302E+1	-4.81402000E+5	-4.69256000E+5	1.58000000E+2	5.60000000E+2	4.00490000E+1	4.00500000E+1	3.94506866E+0	5.29351544E+0	1.39828710E+1
9.65300000E+3	7.95851671E+1	-4.82068000E+5	-4.69923000E+5	1.35000000E+2	5.54000000E+2	4.00500000E+1	4.00510000E+1	3.37070235E+0	4.94382022E+0	1.38327091E+1
9.65325000E+3	7.95772103E+1	-4.82734000E+5	-4.70590000E+5	1.63000000E+2	5.53000000E+2	4.00510000E+1	4.00510000E+1	4.06981099E+0	5.51796460E+0	1.38073956E+1
9.65350000E+3	7.95692599E+1	-4.83399000E+5	-4.71257000E+5	1.62000000E+2	5.66000000E+2	4.00500000E+1	4.00510000E+1	4.04484283E+0	5.14357054E+0	1.41323346E+1
9.65375000E+3	7.95613158E+1	-4.84063000E+5	-4.71923000E+5	1.63000000E+2	5.52000000E+2	4.00500000E+1	4.00510000E+1	4.06981099E+0	5.44319600E+0	1.37827715E+1
9.65400000E+3	7.95533780E+1	-4.84727000E+5	-4.72588000E+5	1.84000000E+2	5.63000000E+2	4.00500000E+1	4.00500000E+1	4.59425718E+0	5.66791511E+0	1.40574282E+1
9.65425000E+3	7.95454465E+1	-4.85391000E+5	-4.73253000E+5	1.85000000E+2	5.78000000E+2	4.00500000E+1	4.00500000E+1	4.61922597E+0	6.01747815E+0	1.44319600E+1
9.65450000E+3	7.95375212E+1	-4.86053000E+5	-4.73917000E+5	1.41000000E+2	5.07000000E+2	4.00510000E+1	4.00510000E+1	3.52051135E+0	5.21834661E+0	1.26588600E+1
9.65475000E+3	7.95296022E+1	-4.86716000E+5	-4.74580000E+5	1.59000000E+2	6.12000000E+2	4.00500000E+1	4.00510000E+1	3.96993833E+0	5.31835206E+0	1.52808989E+1
9.65500000E+3	7.95216895E+1	-4.87377000E+5	-4.75243000E+5	1.49000000E+2	5.79000000E+2	4.00520000E+1	4.00520000E+1	3.72016379E+0	5.16828123E+0	1.44562069E+1
9.65525000E+3	7.95137830E+1	-4.88038000E+5	-4.75905000E+5	1.63000000E+2	5.90000000E+2	4.00500000E+1	4.00500000E+1	4.06991261E+0	5.74282147E+0	1.47315855E+1
9.65550000E+3	7.95058827E+1	-4.88698000E+5	-4.76567000E+5	1.61000000E+2	5.34000000E+2	4.00510000E+1	4.00520000E+1	4.01977429E+0	5.06853761E+0	1.33330004E+1
9.65575000E+3	7.94979886E+1	-4.89358000E+5	-4.77228000E+5	1.75000000E+2	5.86000000E+2	4.00500000E+1	4.00510000E+1	4.36942898E+0	5.51810237E+0	1.46317104E+1
9.65600000E+3	7.94901007E+1	-4.90017000E+5	-4.77888000E+5	1.57000000E+2	5.50000000E+2	4.00510000E+1	4.00510000E+1	3.92000200E+0	5.09350578E+0	1.37324911E+1
9.65625000E+3	7.94822189E+1	-4.90676000E+5	-4.78548000E+5	1.56000000E+2	5.89000000E+2	4.00510000E+1	4.00510000E+1	3.89503383E+0	5.16841028E+0	1.47062495E+1
9.65650000E+3	7.94743434E+1	-4.91334000E+5	-4.79208000E+5	1.56000000E+2	5.72000000E+2	4.00500000E+1	4.00510000E+1	3.89503383E+0	5.19350811E+0	1.42821473E+1
9.65675000E+3	7.94664739E+1	-4.91992000E+5	-4.79866000E+5	1.77000000E+2	5.88000000E+2	4.00510000E+1	4.00510000E+1	4.41936531E+0	6.01732791E+0	1.46812814E+1
9.65700000E+3	7.94586106E+1	-4.92648000E+5	-4.80524000E+5	1.75000000E+2	5.70000000E+2	4.00510000E+1	4.00520000E+1	4.36931988E+0	5.71770992E+0	1.42318544E+1
9.65725000E+3	7.94507535E+1	-4.93305000E+5	-4.81182000E+5	1.63000000E+2	5.63000000E+2	4.00510000E+1	4.00510000E+1	4.06981099E+0	5.51796460E+0	1.40570772E+1
9.65750000E+3	7.94429024E+1	-4.93960000E+5	-4.81839000E+5	1.76000000E+2	5.40000000E+2	4.00520000E+1	4.00520000E+1	4.39428743E+0	5.76750225E+0	1.34824728E+1
9.65775000E+3	7.94350575E+1	-4.94615000E+5	-4.82495000E+5	1.60000000E+2	5.97000000E+2	4.00510000E+1	4.00510000E+1	3.99490649E+0	5.44306010E+0	1.49059949E+1
9.65800000E+3	7.94272186E+1	-4.95270000E+5	-4.83151000E+5	1.36000000E+2	5.53000000E+2	4.00500000E+1	4.00510000E+1	3.39567052E+0	4.84394507E+0	1.38077403E+1
9.65825000E+3	7.94193858E+1	-4.95924000E+5	-4.83807000E+5	1.44000000E+2	5.70000000E+2	4.00510000E+1	4.00520000E+1	3.59532608E+0	5.31821927E+0	1.42318544E+1
9.65850000E+3	7.94115590E+1	-4.96577000E+5	-4.84461000E+5	1.48000000E+2	5.49000000E+2	4.00500000E+1	4.00510000E+1	3.69528851E+0	4.81897628E+0	1.37078652E+1
9.65875000E+3	7.94037383E+1	-4.97230000E+5	-4.85115000E+5	1.32000000E+2	5.40000000E+2	4.00500000E+1	4.00500000E+1	3.29588015E+0	4.61922597E+0	1.34831461E+1
9.65900000E+3	7.93959236E+1	-4.97882000E+5	-4.85769000E+5	1.40000000E+2	5.20000000E+2	4.00500000E+1	4.00500000E+1	3.49563046E+0	4.59425718E+0	1.29837703E+1
9.65925000E+3	7.93881149E+1	-4.98534000E+5	-4.86422000E+5	9.50000000E+1	4.75000000E+2	4.00510000E+1	4.00510000E+1	2.37197573E+0	3.54547951E+0	1.18598787E+1
9.65950000E+3	7.93803123E+1	-4.99185000E+5	-4.87074000E+5	9.80000000E+1	5.22000000E+2	4.00500000E+1	4.00510000E+1	2.44688023E+0	3.72034956E+0	1.30337079E+1
9.65975000E+3	7.93725156E+1	-4.99836000E+5	-4.87726000E+5	8.70000000E+1	4.62000000E+2	4.00500000E+1	4.00500000E+1	2.17228464E+0	3.37078652E+0	1.15355805E+1
9.66000000E+3	7.93647249E+1	-5.00486000E+5	-4.88377000E+5	1.09000000E+2	5.01000000E+2	4.00510000E+1	4.00510000E+1	2.72153005E+0	3.69528851E+0	1.25090510E+1
9.66025000E+3	7.93569401E+1	-5.01135000E+5	-4.89028000E+5	6.90000000E+1	4.62000000E+2	4.00510000E+1	4.00520000E+1	1.72276041E+0	2.87133904E+0	1.15352925E+1
9.66050000E+3	7.93491613E+1	-5.01784000E+5	-4.89678000E+5	9.00000000E+1	4.91000000E+2	4.00500000E+1	4.00500000E+1	2.24719101E+0	3.77028714E+0	1.22596754E+1
9.66075000E+3	7.93413884E+1	-5.02432000E+5	-4.90328000E+5	7.80000000E+1	4.74000000E+2	4.00500000E+1	4.00510000E+1	1.94751692E+0	3.19600499E+0	1.18352060E+1
9.66100000E+3	7.93336215E+1	-5.03080000E+5	-4.90977000E+5	7.70000000E+1	4.90000000E+2	4.00510000E+1	4.00510000E+1	1.92254875E+0	3.24586153E+0	1.22344011E+1
9.66125000E+3	7.93258605E+1	-5.03727000E+5	-4.91625000E+5	8.20000000E+1	4.62000000E+2	4.00500000E+1	4.00510000E+1	2.04738958E+0	3.57053683E+0	1.15355805E+1
9.66150000E+3	7.93181054E+1	-5.04374000E+5	-4.92273000E+5	7.40000000E+1	4.57000000E+2	4.00500000E+1	4.00500000E+1	1.84769039E+0	3.02122347E+0	1.14107366E+1
9.66175000E+3	7.93103561E+1	-5.05020000E+5	-4.92920000E+5	6.20000000E+1	4.44000000E+2	4.00500000E+1	4.00500000E+1	1.54806492E+0	2.69662921E+0	1.10861423E+1
9.66200000E+3	7.93026127E+1	-5.05665000E+5	-4.93567000E+5	6.80000000E+1	4.20000000E+2	4.00510000E+1	4.00520000E+1	1.69779287E+0	2.64662555E+0	1.04866295E+1
9.66225000E+3	7.92948752E+1	-5.06310000E+5	-4.94213000E+5	6.80000000E+1	4.63000000E+2	4.00500000E+1	4.00510000E+1	1.69783526E+0	3.02122347E+0	1.15605493E+1
9.66250000E+3	7.92871436E+1	-5.06954000E+5	-4.94859000E+5	5.30000000E+1	4.42000000E+2	4.00500000E+1	4.00510000E+1	1.32331278E+0	2.62172285E+0	1.10362047E+1
9.66275000E+3	7.92794177E+1	-5.07598000E+5	-4.95504000E+5	7.00000000E+1	4.91000000E+2	4.00500000E+1	4.00500000E+1	1.74781523E+0	3.09612984E+0	1.22596754E+1
9.66300000E+3	7.92716977E+1	-5.08241000E+5	-4.96148000E+5	6.40000000E+1	4.86000000E+2	4.00500000E+1	4.00500000E+1	1.59800250E+0	2.79650437E+0	1.21348315E+1
9.66325000E+3	7.92639835E+1	-5.08884000E+5	-4.96792000E+5	5.60000000E+1	4.64000000E+2	4.00510000E+1	4.00510000E+1	1.39821727E+0	2.49681656E+0	1.15852288E+1
9.66350000E+3	7.92562751E+1	-5.09526000E+5	-4.97436000E+5	4.60000000E+1	4.50000000E+2	4.00500000E+1	4.00500000E+1	1.14856429E+0	2.59675406E+0	1.12359551E+1
9.66375000E+3	7.92485725E+1	-5.10168000E+5	-4.98079000E+5	5.30000000E+1	4.79000000E+2	4.00500000E+1	4.00500000E+1	1.32334582E+0	2.82147316E+0	1.19600499E+1
9.66400000E+3	7.92408757E+1	-5.10809000E+5	-4.98721000E+5	6.30000000E+1	4.44000000E+2	4.00510000E+1	4.00510000E+1	1.57299443E+0	2.77146638E+0	1.10858655E+1
9.66425000E+3	7.92331846E+1	-5.11449000E+5	-4.99363000E+5	7.70000000E+1	4.75000000E+2	4.00500000E+1	4.00500000E+1	1.92259675E+0	3.34581773E+0	1.18601748E+1
9.66450000E+3	7.92254993E+1	-5.12089000E+5	-5.00004000E+5	6.10000000E+1	4.34000000E+2	4.00500000E+1	4.00510000E+1	1.52305810E+0	2.24719101E+0	1.08364544E+1
9.66475000E+3	7.92178197E+1	-5.12728000E+5	-5.00645000E+5	5.30000000E+1	4.21000000E+2	4.00500000E+1	4.00500000E+1	1.32334582E+0	2.74656679E+0	1.05118602E+1
9.66500000E+3	7.92101458E+1	-5.13367000E+5	-5.01285000E+5	5.50000000E+1	4.27000000E+2	4.00510000E+1	4.00510000E+1	1.37324911E+0	2.92127537E+0	1.06614067E+1
9.66525000E+3	7.92024777E+1	-5.14006000E+5	-5.01924000E+5	5.20000000E+1	4.71000000E+2	4.00510000E+1	4.00510000E+1	1.29834461E+0	2.47184839E+0	1.17600060E+1
9.66550000E+3	7.91948152E+1	-5.14643000E+5	-5.02563000E+5	5.40000000E+1	4.32000000E+2	4.00500000E+1	4.00500000E+1	1.34831461E+0	2.57178527E+0	1.07865169E+1
9.66575000E+3	7.91871585E+1	-5.15281000E+5	-5.03202000E+5	5.30000000E+1	4.36000000E+2	4.00520000E+1	4.00520000E+1	1.32327974E+0	2.84629981E+0	1.08858484E+1
9.66600000E+3	7.91795074E+1	-5.15917000E+5	-5.03840000E+5	4.30000000E+1	4.30000000E+2	4.00510000E+1	4.00520000E+1	1.07360431E+0	2.47184839E+0	1.07363112E+1
9.66625000E+3	7.91718620E+1	-5.16553000E+5	-5.04477000E+5	4.20000000E+1	4.50000000E+2	4.00510000E+1	4.00520000E+1	1.04863677E+0	2.02242141E+0	1.12356745E+1
9.66650000E+3	7.91642222E+1	-5.17189000E+5	-5.05114000E+5	5.30000000E+1	4.55000000E+2	4.00510000E+1	4.00510000E+1	1.32331278E+0	2.49681656E+0	1.13605153E+1
9.66675000E+3	7.91565881E+1	-5.17824000E+5	-5.05750000E+5	4.80000000E+1	4.61000000E+2	4.00510000E+1	4.00510000E+1	1.19847195E+0	2.39694390E+0	1.15103243E+1
9.66700000E+3	7.91489596E+1	-5.18459000E+5	-5.06386000E+5	4.90000000E+1	4.49000000E+2	4.00490000E+1	4.00500000E+1	1.22347066E+0	2.44700242E+0	1.12112662E+1
9.66725000E+3	7.91413367E+1	-5.19093000E+5	-5.07022000E+5	3.50000000E+1	4.20000000E+2	4.00490000E+1	4.00500000E+1	8.73907615E-1	1.89767535E+0	1.04871532E+1
9.66750000E+3	7.91337194E+1	-5.19726000E+5	-5.07656000E+5	4.70000000E+1	4.18000000E+2	4.00510000E+1	4.00510000E+1	1.17350378E+0	2.59668922E+0	1.04366932E+1
9.66775000E+3	7.91261078E+1	-5.20359000E+5	-5.08290000E+5	4.60000000E+1	4.26000000E+2	4.00520000E+1	4.00520000E+1	1.14850694E+0	2.42185159E+0	1.06361730E+1
9.66800000E+3	7.91185017E+1	-5.20991000E+5	-5.08924000E+5	3.10000000E+1	4.38000000E+2	4.00510000E+1	4.00520000E+1	7.73993808E-1	2.22216674E+0	1.09360565E+1
9.66825000E+3	7.91109011E+1	-5.21623000E+5	-5.09557000E+5	3.40000000E+1	3.84000000E+2	4.00500000E+1	4.00510000E+1	8.48917630E-1	2.07240949E+0	9.58801498E+0
9.66850000E+3	7.91033062E+1	-5.22254000E+5	-5.10190000E+5	3.30000000E+1	4.09000000E+2	4.00510000E+1	4.00520000E+1	8.23928892E-1	1.97248508E+0	1.02119797E+1
9.66875000E+3	7.90957168E+1	-5.22885000E+5	-5.10822000E+5	3.70000000E+1	4.31000000E+2	4.00510000E+1	4.00510000E+1	9.23822127E-1	2.52178472E+0	1.07612794E+1
9.66900000E+3	7.90881329E+1	-5.23515000E+5	-5.11453000E+5	2.70000000E+1	4.38000000E+2	4.00490000E+1	4.00500000E+1	6.74157303E-1	2.02252241E+0	1.09366027E+1
9.66925000E+3	7.90805545E+1	-5.24145000E+5	-5.12085000E+5	3.30000000E+1	4.45000000E+2	4.00500000E+1	4.00500000E+1	8.23970037E-1	2.09737828E+0	1.11111111E+1
9.66950000E+3	7.90729817E+1	-5.24774000E+5	-5.12715000E+5	2.50000000E+1	4.11000000E+2	4.00500000E+1	4.00510000E+1	6.24204140E-1	1.94756554E+0	1.02621723E+1
9.66975000E+3	7.90654143E+1	-5.25403000E+5	-5.13345000E+5	3.10000000E+1	4.38000000E+2	4.00510000E+1	4.00510000E+1	7.74013133E-1	2.04738958E+0	1.09360565E+1
9.67000000E+3	7.90578525E+1	-5.26031000E+5	-5.13974000E+5	2.00000000E+0	3.70000000E+1	4.04800000E+0	4.04900000E+0	4.93949123E-1	9.88142292E-1	9.14031621E+0
9.67025000E+3	7.90502961E+1	-5.26659000E+5	-5.14603000E+5	3.00000000E+0	5.10000000E+1	4.04900000E+0	4.05000000E+0	7.40740741E-1	1.72882193E+0	1.25957026E+1
9.67050000E+3	7.90427452E+1	-5.27286000E+5	-5.15232000E+5	2.00000000E+0	3.90000000E+1	4.05000000E+0	4.05000000E+0	4.93827160E-1	2.22222222E+0	9.62962963E+0
9.67075000E+3	7.90351998E+1	-5.27913000E+5	-5.15860000E+5	2.00000000E+0	5.30000000E+1	4.05000000E+0	4.05100000E+0	4.93705258E-1	9.87654321E-1	1.30864198E+1
9.67100000E+3	7.90276598E+1	-5.28539000E+5	-5.16487000E+5	2.00000000E+0	4.60000000E+1	4.05000000E+0	4.05000000E+0	4.93827160E-1	2.22222222E+0	1.13580247E+1
9.67125000E+3	7.90201252E+1	-5.29164000E+5	-5.17114000E+5	2.00000000E+0	4.20000000E+1	4.05000000E+0	4.05000000E+0	4.93827160E-1	2.22222222E+0	1.03703704E+1
9.67150000E+3	7.90125961E+1	-5.29789000E+5	-5.17740000E+5	3.00000000E+0	4.40000000E+1	4.05000000E+0	4.05000000E+0	7.40740741E-1	2.22222222E+0	1.08641975E+1
9.67175000E+3	7.90050724E+1	-5.30414000E+5	-5.18366000E+5	3.00000000E+0	4.40000000E+1	4.05000000E+0	4.05100000E+0	7.40557887E-1	1.72839506E+0	1.08641975E+1
9.67200000E+3	7.89975541E+1	-5.31038000E+5	-5.18991000E+5	3.00000000E+0	5.50000000E+1	4.05000000E+0	4.05000000E+0	7.40740741E-1	1.72839506E+0	1.35802469E+1
9.67225000E+3	7.89900411E+1	-5.31661000E+5	-5.19616000E+5	2.00000000E+0	4.10000000E+1	4.05000000E+0	4.05000000E+0	4.93827160E-1	1.97530864E+0	1.01234568E+1
9.67250000E+3	7.89825336E+1	-5.32284000E+5	-5.20240000E+5	4.00000000E+0	4.00000000E+1	4.05000000E+0	4.05000000E+0	9.87654321E-1	1.48148148E+0	9.87654321E+0
9.67275000E+3	7.89750314E+1	-5.32907000E+5	-5.20864000E+5	0.00000000E+0	4.40000000E+1	4.05000000E+0	4.05100000E+0	0.00000000E+0	1.23456790E+0	1.08641975E+1
9.67300000E+3	7.89675346E+1	-5.33529000E+5	-5.21487000E+5	3.00000000E+0	5.20000000E+1	4.04900000E+0	4.05000000E+0	7.40740741E-1	1.48184737E+0	1.28426772E+1
9.67325000E+3	7.89600431E+1	-5.34150000E+5	-5.22110000E+5	4.00000000E+0	4.80000000E+1	4.05000000E+0	4.05000000E+0	9.87654321E-1	2.71604938E+0	1.18518519E+1
9.67350000E+3	7.89525570E+1	-5.34771000E+5	-5.22732000E+5	5.00000000E+0	4.70000000E+1	4.05000000E+0	4.05100000E+0	1.23426314E+0	2.22222222E+0	1.16049383E+1
9.67375000E+3	7.89450762E+1	-5.35392000E+5	-5.23354000E+5	4.00000000E+0	5.90000000E+1	4.05000000E+0	4.05100000E+0	9.87410516E-1	2.71604938E+0	1.45679012E+1
9.67400000E+3	7.89376007E+1	-5.36011000E+5	-5.23975000E+5	3.00000000E+0	4.80000000E+1	4.05000000E+0	4.05100000E+0	7.40557887E-1	3.70370370E+0	1.18518519E+1
9.67425000E+3	7.89301305E+1	-5.36631000E+5	-5.24596000E+5	1.00000000E+0	4.70000000E+1	4.05000000E+0	4.05100000E+0	2.46852629E-1	9.87654321E-1	1.16049383E+1
9.67450000E+3	7.89226656E+1	-5.37250000E+5	-5.25216000E+5	0.00000000E+0	4.20000000E+1	4.05200000E+0	4.05200000E+0	0.00000000E+0	1.72754195E+0	1.03652517E+1
9.67475000E+3	7.89152060E+1	-5.37868000E+5	-5.25836000E+5	7.00000000E+0	4.10000000E+1	4.05000000E+0	4.05100000E+0	1.72796840E+0	2.71604938E+0	1.01234568E+1
9.67500000E+3	7.89077517E+1	-5.38486000E+5	-5.26455000E+5	3.00000000E+0	5.50000000E+1	4.05000000E+0	4.05100000E+0	7.40557887E-1	2.22222222E+0	1.35802469E+1
9.67525000E+3	7.89003026E+1	-5.39103000E+5	-5.27074000E+5	0.00000000E+0	4.10000000E+1	4.05100000E+0	4.05100000E+0	0.00000000E+0	9.87410516E-1	1.01209578E+1
9.67550000E+3	7.88928588E+1	-5.39720000E+5	-5.27692000E+5	3.00000000E+0	4.00000000E+1	4.05100000E+0	4.05200000E+0	7.40375123E-1	1.97482103E+0	9.87410516E+0
9.67575000E+3	7.88854202E+1	-5.40337000E+5	-5.28309000E+5	2.00000000E+0	5.20000000E+1	4.04900000E+0	4.05000000E+0	4.93827160E-1	1.48184737E+0	1.28426772E+1
9.67600000E+3	7.88779869E+1	-5.40953000E+5	-5.28927000E+5	4.00000000E+0	4.00000000E+1	4.05000000E+0	4.05000000E+0	9.87654321E-1	2.22222222E+0	9.87654321E+0
9.67625000E+3	7.88705588E+1	-5.41568000E+5	-5.29543000E+5	4.00000000E+0	3.90000000E+1	4.05000000E+0	4.05100000E+0	9.87410516E-1	1.72839506E+0	9.62962963E+0
9.67650000E+3	7.88631359E+1	-5.42183000E+5	-5.30160000E+5	1.00000000E+0	4.40000000E+1	4.05000000E+0	4.05100000E+0	2.46852629E-1	1.97530864E+0	1.08641975E+1
9.67675000E+3	7.88557181E+1	-5.42797000E+5	-5.30775000E+5	4.00000000E+0	4.00000000E+1	4.05100000E+0	4.05100000E+0	9.87410516E-1	2.46852629E+0	9.87410516E+0
9.67700000E+3	7.88483056E+1	-5.43411000E+5	-5.31390000E+5	2.00000000E+0	4.20000000E+1	4.04900000E+0	4.05000000E+0	4.93827160E-1	1.72882193E+0	1.03729316E+1
9.67725000E+3	7.88408983E+1	-5.44025000E+5	-5.32005000E+5	1.00000000E+0	4.00000000E+1	4.05000000E+0	4.05100000E+0	2.46852629E-1	1.48148148E+0	9.87654321E+0
9.67750000E+3	7.88334961E+1	-5.44638000E+5	-5.32619000E+5	2.00000000E+0	3.70000000E+1	4.05000000E+0	4.05000000E+0	4.93827160E-1	1.23456790E+0	9.13580247E+0
9.67775000E+3	7.88260991E+1	-5.45250000E+5	-5.33233000E+5	1.00000000E+0	4.30000000E+1	4.05100000E+0	4.05100000E+0	2.46852629E-1	1.97482103E+0	1.06146630E+1
9.67800000E+3	7.88187072E+1	-5.45862000E+5	-5.33846000E+5	5.00000000E+0	4.40000000E+1	4.05000000E+0	4.05000000E+0	1.23456790E+0	1.48148148E+0	1.08641975E+1
9.67825000E+3	7.88113205E+1	-5.46473000E+5	-5.34459000E+5	3.00000000E+0	4.20000000E+1	4.04900000E+0	4.05000000E+0	7.40740741E-1	2.46974562E+0	1.03729316E+1
9.67850000E+3	7.88039389E+1	-5.47084000E+5	-5.35071000E+5	3.00000000E+0	4.80000000E+1	4.05100000E+0	4.05100000E+0	7.40557887E-1	2.46852629E+0	1.18489262E+1
9.67875000E+3	7.87965625E+1	-5.47695000E+5	-5.35683000E+5	1.00000000E+0	3.60000000E+1	4.05000000E+0	4.05100000E+0	2.46852629E-1	1.23456790E+0	8.88888889E+0
9.67900000E+3	7.87891911E+1	-5.48305000E+5	-5.36294000E+5	5.00000000E+0	3.50000000E+1	4.04900000E+0	4.04900000E+0	1.23487281E+0	1.72882193E+0	8.64410966E+0
9.67925000E+3	7.87818248E+1	-5.48914000E+5	-5.36905000E+5	5.00000000E+0	3.80000000E+1	4.05000000E+0	4.05100000E+0	1.23426314E+0	2.22222222E+0	9.38271605E+0
9.67950000E+3	7.87744637E+1	-5.49523000E+5	-5.37515000E+5	6.00000000E+0	5.30000000E+1	4.05000000E+0	4.05000000E+0	1.48148148E+0	2.71604938E+0	1.30864198E+1
9.67975000E+3	7.87671076E+1	-5.50132000E+5	-5.38125000E+5	2.00000000E+0	4.30000000E+1	4.05000000E+0	4.05000000E+0	4.93827160E-1	2.22222222E+0	1.06172840E+1
9.68000000E+3	7.87597565E+1	-5.50740000E+5	-5.38734000E+5	3.00000000E+0	5.40000000E+1	4.05100000E+0	4.05100000E+0	7.40557887E-1	1.97482103E+0	1.33300420E+1
9.68025000E+3	7.87524106E+1	-5.51347000E+5	-5.39343000E+5	4.00000000E+0	5.50000000E+1	4.05000000E+0	4.05100000E+0	9.87410516E-1	3.20987654E+0	1.35802469E+1
9.68050000E+3	7.87450697E+1	-5.51954000E+5	-5.39951000E+5	4.00000000E+0	4.50000000E+1	4.05000000E+0	4.05000000E+0	9.87654321E-1	2.22222222E+0	1.11111111E+1
9.68075000E+3	7.87377338E+1	-5.52561000E+5	-5.40559000E+5	3.00000000E+0	4.50000000E+1	4.05000000E+0	4.05000000E+0	7.40740741E-1	1.97530864E+0	1.11111111E+1
9.68100000E+3	7.87304030E+1	-5.53167000E+5	-5.41167000E+5	2.00000000E+0	5.70000000E+1	4.04900000E+0	4.05000000E+0	4.93827160E-1	3.70461842E+0	1.40775500E+1
9.68125000E+3	7.87230771E+1	-5.53773000E+5	-5.41774000E+5	4.00000000E+0	5.40000000E+1	4.04800000E+0	4.04900000E+0	9.87898246E-1	2.47035573E+0	1.33399209E+1
9.68150000E+3	7.87157563E+1	-5.54378000E+5	-5.42380000E+5	1.00000000E+0	4.40000000E+1	4.04900000E+0	4.05000000E+0	2.46913580E-1	2.46974562E+0	1.08668807E+1
9.68175000E+3	7.87084405E+1	-5.54982000E+5	-5.42986000E+5	3.00000000E+0	4.60000000E+1	4.04900000E+0	4.04900000E+0	7.40923685E-1	2.46974562E+0	1.13608298E+1
9.68200000E+3	7.87011297E+1	-5.55587000E+5	-5.43591000E+5	4.00000000E+0	3.70000000E+1	4.05000000E+0	4.05000000E+0	9.87654321E-1	2.22222222E+0	9.13580247E+0
9.68225000E+3	7.86938239E+1	-5.56190000E+5	-5.44196000E+5	1.00000000E+0	4.80000000E+1	4.04900000E+0	4.05000000E+0	2.46913580E-1	1.97579649E+0	1.18547790E+1
9.68250000E+3	7.86865230E+1	-5.56794000E+5	-5.44801000E+5	5.00000000E+0	3.10000000E+1	4.05000000E+0	4.05100000E+0	1.23426314E+0	1.97530864E+0	7.65432099E+0
9.68275000E+3	7.86792271E+1	-5.57396000E+5	-5.45405000E+5	2.00000000E+0	4.30000000E+1	4.05000000E+0	4.05000000E+0	4.93827160E-1	1.72839506E+0	1.06172840E+1
9.68300000E+3	7.86719362E+1	-5.57999000E+5	-5.46009000E+5	3.00000000E+0	5.40000000E+1	4.05000000E+0	4.05000000E+0	7.40740741E-1	2.22222222E+0	1.33333333E+1
9.68325000E+3	7.86646502E+1	-5.58600000E+5	-5.46612000E+5	2.00000000E+0	5.70000000E+1	4.05000000E+0	4.05000000E+0	4.93827160E-1	1.72839506E+0	1.40740741E+1
9.68350000E+3	7.86573691E+1	-5.59202000E+5	-5.47214000E+5	2.00000000E+0	4.30000000E+1	4.04900000E+0	4.05000000E+0	4.93827160E-1	2.46974562E+0	1.06199061E+1
9.68375000E+3	7.86500930E+1	-5.59803000E+5	-5.47816000E+5	4.00000000E+0	4.30000000E+1	4.04900000E+0	4.05000000E+0	9.87654321E-1	2.46974562E+0	1.06199061E+1
9.68400000E+3	7.86428217E+1	-5.60403000E+5	-5.48418000E+5	3.00000000E+0	5.00000000E+1	4.05000000E+0	4.05000000E+0	7.40740741E-1	1.72839506E+0	1.23456790E+1
9.68425000E+3	7.86355554E+1	-5.61003000E+5	-5.49019000E+5	4.00000000E+0	4.60000000E+1	4.05000000E+0	4.05100000E+0	9.87410516E-1	1.97530864E+0	1.13580247E+1
9.68450000E+3	7.86282940E+1	-5.61602000E+5	-5.49620000E+5	1.00000000E+0	3.70000000E+1	4.04900000E+0	4.04900000E+0	2.46974562E-1	1.48184737E+0	9.13805878E+0
9.68475000E+3	7.86210375E+1	-5.62201000E+5	-5.50220000E+5	4.00000000E+0	4.50000000E+1	4.05000000E+0	4.05000000E+0	9.87654321E-1	2.46913580E+0	1.11111111E+1
9.68500000E+3	7.86137858E+1	-5.62800000E+5	-5.50820000E+5	0.00000000E+0	3.80000000E+1	4.05000000E+0	4.05100000E+0	0.00000000E+0	2.22222222E+0	9.38271605E+0
9.68525000E+3	7.86065391E+1	-5.63398000E+5	-5.51419000E+5	3.00000000E+0	3.50000000E+1	4.05000000E+0	4.05000000E+0	7.40740741E-1	9.87654321E-1	8.64197531E+0
9.68550000E+3	7.85992971E+1	-5.63995000E+5	-5.52018000E+5	4.00000000E+0	5.50000000E+1	4.05000000E+0	4.05000000E+0	9.87654321E-1	3.70370370E+0	1.35802469E+1
9.68575000E+3	7.85920601E+1	-5.64593000E+5	-5.52617000E+5	2.00000000E+0	4.60000000E+1	4.05100000E+0	4.05200000E+0	4.93583416E-1	1.97482103E+0	1.13552209E+1
9.68600000E+3	7.85848278E+1	-5.65189000E+5	-5.53215000E+5	1.00000000E+0	3.90000000E+1	4.05000000E+0	4.05100000E+0	2.46852629E-1	7.40740741E-1	9.62962963E+0
9.68625000E+3	7.85776004E+1	-5.65785000E+5	-5.53812000E+5	3.00000000E+0	5.00000000E+1	4.05000000E+0	4.05000000E+0	7.40740741E-1	1.97530864E+0	1.23456790E+1
9.68650000E+3	7.85703779E+1	-5.66381000E+5	-5.54409000E+5	3.00000000E+0	3.70000000E+1	4.04900000E+0	4.05000000E+0	7.40740741E-1	1.97579649E+0	9.13805878E+0
9.68675000E+3	7.85631601E+1	-5.66976000E+5	-5.55006000E+5	0.00000000E+0	4.60000000E+1	4.05000000E+0	4.05000000E+0	0.00000000E+0	1.23456790E+0	1.13580247E+1
9.68700000E+3	7.85559472E+1	-5.67571000E+5	-5.55602000E+5	2.00000000E+0	5.40000000E+1	4.05000000E+0	4.05100000E+0	4.93705258E-1	2.22222222E+0	1.33333333E+1
9.68725000E+3	7.85487390E+1	-5.68166000E+5	-5.56197000E+5	1.00000000E+0	5.20000000E+1	4.05100000E+0	4.05100000E+0	2.46852629E-1	1.23426314E+0	1.28363367E+1
9.68750000E+3	7.85415357E+1	-5.68759000E+5	-5.56792000E+5	1.00000000E+0	4.30000000E+1	4.04900000E+0	4.05000000E+0	2.46913580E-1	1.48184737E+0	1.06199061E+1
9.68775000E+3	7.85343371E+1	-5.69353000E+5	-5.57387000E+5	1.00000000E+0	2.50000000E+1	4.04900000E+0	4.05000000E+0	2.46913580E-1	4.93949123E-1	6.17436404E+0
9.68800000E+3	7.85271433E+1	-5.69946000E+5	-5.57981000E+5	4.00000000E+0	4.60000000E+1	4.05100000E+0	4.05100000E+0	9.87410516E-1	1.72796840E+0	1.13552209E+1
9.68825000E+3	7.85199542E+1	-5.70538000E+5	-5.58575000E+5	1.00000000E+0	4.60000000E+1	4.05000000E+0	4.05100000E+0	2.46852629E-1	9.87654321E-1	1.13580247E+1
9.68850000E+3	7.85127699E+1	-5.71130000E+5	-5.59169000E+5	1.00000000E+0	4.70000000E+1	4.04900000E+0	4.04900000E+0	2.46974562E-1	1.23487281E+0	1.16078044E+1
9.68875000E+3	7.85055904E+1	-5.71722000E+5	-5.59761000E+5	2.00000000E+0	5.30000000E+1	4.05000000E+0	4.05000000E+0	4.93827160E-1	2.71604938E+0	1.30864198E+1
9.68900000E+3	7.84984155E+1	-5.72313000E+5	-5.60354000E+5	3.00000000E+0	4.70000000E+1	4.05000000E+0	4.05000000E+0	7.40740741E-1	2.46913580E+0	1.16049383E+1
9.68925000E+3	7.84912455E+1	-5.72904000E+5	-5.60946000E+5	4.00000000E+0	4.70000000E+1	4.04900000E+0	4.05000000E+0	9.87654321E-1	2.46974562E+0	1.16078044E+1
9.68950000E+3	7.84840801E+1	-5.73494000E+5	-5.61537000E+5	3.00000000E+0	3.90000000E+1	4.05100000E+0	4.05100000E+0	7.40557887E-1	1.23426314E+0	9.62725253E+0
9.68975000E+3	7.84769194E+1	-5.74084000E+5	-5.62128000E+5	1.00000000E+0	4.20000000E+1	4.05000000E+0	4.05000000E+0	2.46913580E-1	1.48148148E+0	1.03703704E+1
9.69000000E+3	7.84697634E+1	-5.74673000E+5	-5.62719000E+5	2.00000000E+0	5.00000000E+1	4.04900000E+0	4.05000000E+0	4.93827160E-1	1.72882193E+0	1.23487281E+1
9.69025000E+3	7.84626122E+1	-5.75262000E+5	-5.63309000E+5	3.00000000E+0	4.70000000E+1	4.05000000E+0	4.05100000E+0	7.40557887E-1	1.72839506E+0	1.16049383E+1
9.69050000E+3	7.84554656E+1	-5.75851000E+5	-5.63899000E+5	4.00000000E+0	5.90000000E+1	4.05000000E+0	4.05100000E+0	9.87410516E-1	2.46913580E+0	1.45679012E+1
9.69075000E+3	7.84483237E+1	-5.76439000E+5	-5.64488000E+5	1.00000000E+0	3.60000000E+1	4.05000000E+0	4.05000000E+0	2.46913580E-1	1.23456790E+0	8.88888889E+0
9.69100000E+3	7.84411864E+1	-5.77026000E+5	-5.65077000E+5	1.00000000E+0	5.80000000E+1	4.05000000E+0	4.05000000E+0	2.46913580E-1	1.72839506E+0	1.43209877E+1
9.69125000E+3	7.84340538E+1	-5.77613000E+5	-5.65665000E+5	1.00000000E+0	4.40000000E+1	4.05000000E+0	4.05000000E+0	2.46913580E-1	1.72839506E+0	1.08641975E+1
9.69150000E+3	7.84269259E+1	-5.78200000E+5	-5.66253000E+5	3.00000000E+0	5.00000000E+1	4.05000000E+0	4.05100000E+0	7.40557887E-1	9.87654321E-1	1.23456790E+1
9.69175000E+3	7.84198026E+1	-5.78786000E+5	-5.66841000E+5	1.00000000E+0	4.10000000E+1	4.05000000E+0	4.05100000E+0	2.46852629E-1	2.46913580E+0	1.01234568E+1
9.69200000E+3	7.84126839E+1	-5.79372000E+5	-5.67428000E+5	0.00000000E+0	4.90000000E+1	4.04900000E+0	4.05000000E+0	0.00000000E+0	4.93949123E-1	1.21017535E+1
9.69225000E+3	7.84055698E+1	-5.79957000E+5	-5.68015000E+5	2.00000000E+0	5.20000000E+1	4.05000000E+0	4.05100000E+0	4.93705258E-1	1.48148148E+0	1.28395062E+1
9.69250000E+3	7.83984604E+1	-5.80542000E+5	-5.68601000E+5	3.00000000E+0	4.70000000E+1	4.05000000E+0	4.05100000E+0	7.40557887E-1	1.97530864E+0	1.16049383E+1
9.69275000E+3	7.83913556E+1	-5.81127000E+5	-5.69186000E+5	3.00000000E+0	5.50000000E+1	4.04900000E+0	4.05000000E+0	7.40740741E-1	2.71672018E+0	1.35836009E+1
9.69300000E+3	7.83842553E+1	-5.81711000E+5	-5.69772000E+5	1.00000000E+0	4.70000000E+1	4.05000000E+0	4.05000000E+0	2.46913580E-1	1.97530864E+0	1.16049383E+1
9.69325000E+3	7.83771597E+1	-5.82294000E+5	-5.70357000E+5	1.00000000E+0	5.00000000E+1	4.05000000E+0	4.05100000E+0	2.46852629E-1	2.71604938E+0	1.23456790E+1
9.69350000E+3	7.83700686E+1	-5.82877000E+5	-5.70941000E+5	3.00000000E+0	4.00000000E+1	4.05000000E+0	4.05100000E+0	7.40557887E-1	2.46913580E+0	9.87654321E+0
9.69375000E+3	7.83629821E+1	-5.83460000E+5	-5.71525000E+5	2.00000000E+0	3.50000000E+1	4.04900000E+0	4.05000000E+0	4.93827160E-1	7.40923685E-1	8.64410966E+0
9.69400000E+3	7.83559002E+1	-5.84042000E+5	-5.72108000E+5	1.00000000E+0	4.10000000E+1	4.05000000E+0	4.05000000E+0	2.46913580E-1	7.40740741E-1	1.01234568E+1
9.69425000E+3	7.83488228E+1	-5.84624000E+5	-5.72692000E+5	4.00000000E+0	4.80000000E+1	4.04900000E+0	4.05000000E+0	9.87654321E-1	3.70461842E+0	1.18547790E+1
9.69450000E+3	7.83417500E+1	-5.85205000E+5	-5.73274000E+5	1.00000000E+0	3.80000000E+1	4.05000000E+0	4.05000000E+0	2.46913580E-1	1.72839506E+0	9.38271605E+0
9.69475000E+3	7.83346817E+1	-5.85786000E+5	-5.73856000E+5	2.00000000E+0	3.90000000E+1	4.05000000E+0	4.05100000E+0	4.93705258E-1	1.23456790E+0	9.62962963E+0
9.69500000E+3	7.83276180E+1	-5.86367000E+5	-5.74438000E+5	2.00000000E+0	5.20000000E+1	4.05100000E+0	4.05100000E+0	4.93705258E-1	2.22167366E+0	1.28363367E+1
9.69525000E+3	7.83205588E+1	-5.86947000E+5	-5.75020000E+5	3.00000000E+0	4.80000000E+1	4.05000000E+0	4.05000000E+0	7.40740741E-1	2.22222222E+0	1.18518519E+1
9.69550000E+3	7.83135041E+1	-5.87526000E+5	-5.75600000E+5	1.00000000E+0	3.80000000E+1	4.05000000E+0	4.05000000E+0	2.46913580E-1	1.72839506E+0	9.38271605E+0
9.69575000E+3	7.83064539E+1	-5.88106000E+5	-5.76181000E+5	1.00000000E+0	4.80000000E+1	4.05000000E+0	4.05000000E+0	2.46913580E-1	1.23456790E+0	1.18518519E+1
9.69600000E+3	7.82994082E+1	-5.88684000E+5	-5.76761000E+5	0.00000000E+0	3.30000000E+1	4.05000000E+0	4.05000000E+0	0.00000000E+0	9.87654321E-1	8.14814815E+0
9.69625000E+3	7.82923669E+1	-5.89263000E+5	-5.77341000E+5	5.00000000E+0	4.20000000E+1	4.05000000E+0	4.05100000E+0	1.23426314E+0	2.96296296E+0	1.03703704E+1
9.69650000E+3	7.82853302E+1	-5.89841000E+5	-5.77920000E+5	1.00000000E+0	4.50000000E+1	4.05000000E+0	4.05000000E+0	2.46913580E-1	1.48148148E+0	1.11111111E+1
9.69675000E+3	7.82782980E+1	-5.90418000E+5	-5.78498000E+5	4.00000000E+0	5.20000000E+1	4.05100000E+0	4.05100000E+0	9.87410516E-1	2.96223155E+0	1.28363367E+1
9.69700000E+3	7.82712702E+1	-5.90995000E+5	-5.79077000E+5	1.00000000E+0	4.60000000E+1	4.05000000E+0	4.05000000E+0	2.46913580E-1	1.72839506E+0	1.13580247E+1
9.69725000E+3	7.82642469E+1	-5.91572000E+5	-5.79655000E+5	4.00000000E+0	4.60000000E+1	4.05100000E+0	4.05200000E+0	9.87166831E-1	1.23426314E+0	1.13552209E+1
9.69750000E+3	7.82572280E+1	-5.92148000E+5	-5.80232000E+5	4.00000000E+0	5.20000000E+1	4.05000000E+0	4.05000000E+0	9.87654321E-1	2.71604938E+0	1.28395062E+1
9.69775000E+3	7.82502136E+1	-5.92724000E+5	-5.80809000E+5	3.00000000E+0	4.30000000E+1	4.05000000E+0	4.05100000E+0	7.40557887E-1	2.46913580E+0	1.06172840E+1
9.69800000E+3	7.82432036E+1	-5.93299000E+5	-5.81386000E+5	0.00000000E+0	4.20000000E+1	4.05100000E+0	4.05100000E+0	0.00000000E+0	2.22167366E+0	1.03678104E+1
9.69825000E+3	7.82361980E+1	-5.93874000E+5	-5.81962000E+5	0.00000000E+0	4.80000000E+1	4.05000000E+0	4.05000000E+0	0.00000000E+0	1.72839506E+0	1.18518519E+1
9.69850000E+3	7.82291969E+1	-5.94448000E+5	-5.82538000E+5	2.00000000E+0	4.40000000E+1	4.05000000E+0	4.05000000E+0	4.93827160E-1	1.72839506E+0	1.08641975E+1
9.69875000E+3	7.82222001E+1	-5.95023000E+5	-5.83113000E+5	4.00000000E+0	4.70000000E+1	4.05000000E+0	4.05100000E+0	9.87410516E-1	2.46913580E+0	1.16049383E+1
9.69900000E+3	7.82152078E+1	-5.95596000E+5	-5.83688000E+5	1.00000000E+0	4.80000000E+1	4.05200000E+0	4.05200000E+0	2.46791708E-1	1.72754195E+0	1.18460020E+1
9.69925000E+3	7.82082199E+1	-5.96169000E+5	-5.84262000E+5	2.00000000E+0	4.60000000E+1	4.05000000E+0	4.05000000E+0	4.93827160E-1	1.97530864E+0	1.13580247E+1
9.69950000E+3	7.82012363E+1	-5.96742000E+5	-5.84837000E+5	1.00000000E+0	4.70000000E+1	4.05100000E+0	4.05100000E+0	2.46852629E-1	1.97482103E+0	1.16020736E+1
9.69975000E+3	7.81942572E+1	-5.97315000E+5	-5.85410000E+5	1.00000000E+0	3.60000000E+1	4.05000000E+0	4.05000000E+0	2.46913580E-1	1.48148148E+0	8.88888889E+0
9.70000000E+3	7.81872824E+1	-5.97886000E+5	-5.85983000E+5	0.00000000E+0	3.60000000E+1	4.04900000E+0	4.04900000E+0	0.00000000E+0	7.40923685E-1	8.89108422E+0
