ZnCl2 1m redone
k beta - VTC XES
Pd X-ray tube.  At 35 kV and 2.8 mA.  Ge 555 optic. 
***************************
Energy_(eV)	theta_(deg)	source_(ustep)	detect_(ustep)	ROI_counts	total_counts	real_time	live_time	cnts_per_live	ICR_(cnts/sec)	OCR_(cnts/sec)
9.55000000E+3	8.39082055E+1	-1.30004000E+5	-9.84830000E+4	3.20000000E+1	9.29000000E+2	4.05000000E+0	4.05000000E+0	7.90123457E+0	2.10123457E+2	2.29382716E+2
9.55025000E+3	8.38949558E+1	-1.31163000E+5	-9.96450000E+4	3.60000000E+1	9.72000000E+2	4.05000000E+0	4.05000000E+0	8.88888889E+0	2.24691 358E+2	2.40000000E+2
9.55050000E+3	8.38817338E+1	-1.32318000E+5	-1.00804000E+5	3.90000000E+1	9.07000000E+2	4.04900000E+0	4.04900000E+0	9.63200790E+0	2.04247962E+2	2.24005927E+2
9.55075000E+3	8.38685393E+1	-1.33472000E+5	-1.01961000E+5	3.80000000E+1	9.69000000E+2	4.04900000E+0	4.04900000E+0	9.38503334E+0	2.19066436E+2	2.39318350E+2
9.55100000E+3	8.38553722E+1	-1.34623000E+5	-1.03115000E+5	3.80000000E+1	9.29000000E+2	4.05000000E+0	4.05000000E+0	9.38271605E+0	2.08148148E+2	2.29382716E+2
9.55125000E+3	8.38422322E+1	-1.35771000E+5	-1.04266000E+5	4.80000000E+1	8.81000000E+2	4.05000000E+0	4.05000000E+0	1.18518519E+1	2.01975309E+2	2.17530864E+2
9.55150000E+3	8.38291192E+1	-1.36917000E+5	-1.05415000E+5	3.80000000E+1	8.69000000E+2	4.04900000E+0	4.04900000E+0	9.38503334E+0	2.00049395E+2	2.14620894E+2
9.55175000E+3	8.38160331E+1	-1.38060000E+5	-1.06562000E+5	4.60000000E+1	9.02000000E+2	4.04800000E+0	4.04800000E+0	1.13636364E+1	2.05286561E+2	2.22826087E+2
9.55200000E+3	8.38029737E+1	-1.39201000E+5	-1.07706000E+5	3.90000000E+1	9.10000000E+2	4.04900000E+0	4.04900000E+0	9.63200790E+0	2.06223759E+2	2.24746851E+2
9.55225000E+3	8.37899407E+1	-1.40340000E+5	-1.08848000E+5	2.40000000E+1	9.18000000E+2	4.04900000E+0	4.04900000E+0	5.92738948E+0	2.02025191E+2	2.26722648E+2
9.55250000E+3	8.37769342E+1	-1.41476000E+5	-1.09987000E+5	4.00000000E+1	9.26000000E+2	4.05100000E+0	4.05100000E+0	9.87410516E+0	2.07109356E+2	2.28585534E+2
9.55275000E+3	8.37639539E+1	-1.42609000E+5	-1.11124000E+5	4.90000000E+1	9.35000000E+2	4.05000000E+0	4.05000000E+0	1.20987654E+1	2.09382716E+2	2.30864198E+2
9.55300000E+3	8.37509996E+1	-1.43741000E+5	-1.12259000E+5	3.20000000E+1	8.89000000E+2	4.05000000E+0	4.05000000E+0	7.90123457E+0	2.01481481E+2	2.19506173E+2
9.55325000E+3	8.37380712E+1	-1.44869000E+5	-1.13391000E+5	4.00000000E+1	9.14000000E+2	4.05000000E+0	4.05000000E+0	9.87654321E+0	2.06666667E+2	2.25679012E+2
9.55350000E+3	8.37251686E+1	-1.45996000E+5	-1.14521000E+5	4.00000000E+1	8.58000000E+2	4.04900000E+0	4.04900000E+0	9.87898246E+0	1.95109904E+2	2.11904174E+2
9.55375000E+3	8.37122916E+1	-1.47120000E+5	-1.15648000E+5	3.40000000E+1	8.43000000E+2	4.05000000E+0	4.05000000E+0	8.39506173E+0	1.91358025E+2	2.08148148E+2
9.55400000E+3	8.36994401E+1	-1.48242000E+5	-1.16773000E+5	5.20000000E+1	8.87000000E+2	4.04900000E+0	4.04900000E+0	1.28426772E+1	2.01284268E+2	2.19066436E+2
9.55425000E+3	8.36866138E+1	-1.49361000E+5	-1.17896000E+5	4.00000000E+1	9.01000000E+2	4.04900000E+0	4.04900000E+0	9.87898246E+0	2.02766115E+2	2.22524080E+2
9.55450000E+3	8.36738128E+1	-1.50479000E+5	-1.19016000E+5	4.00000000E+1	8.66000000E+2	4.04900000E+0	4.04900000E+0	9.87898246E+0	1.98320573E+2	2.13879970E+2
9.55475000E+3	8.36610367E+1	-1.51594000E+5	-1.20134000E+5	4.10000000E+1	8.58000000E+2	4.05000000E+0	4.05000000E+0	1.01234568E+1	1.93827160E+2	2.11851852E+2
9.55500000E+3	8.36482855E+1	-1.52706000E+5	-1.21250000E+5	3.60000000E+1	8.40000000E+2	4.04900000E+0	4.04900000E+0	8.89108422E+0	1.90664362E+2	2.07458632E+2
9.55525000E+3	8.36355591E+1	-1.53816000E+5	-1.22364000E+5	3.40000000E+1	8.08000000E+2	4.04900000E+0	4.04900000E+0	8.39713510E+0	1.81526303E+2	1.99555446E+2
9.55550000E+3	8.36228572E+1	-1.54924000E+5	-1.23475000E+5	4.80000000E+1	8.44000000E+2	4.04900000E+0	4.04900000E+0	1.18547790E+1	1.93134107E+2	2.08446530E+2
9.55575000E+3	8.36101798E+1	-1.56030000E+5	-1.24584000E+5	4.80000000E+1	8.27000000E+2	4.04900000E+0	4.04900000E+0	1.18547790E+1	1.89182514E+2	2.04247962E+2
9.55600000E+3	8.35975267E+1	-1.57134000E+5	-1.25691000E+5	4.30000000E+1	8.82000000E+2	4.04900000E+0	4.04900000E+0	1.06199061E+1	1.98320573E+2	2.17831563E+2
9.55625000E+3	8.35848978E+1	-1.58235000E+5	-1.26795000E+5	3.30000000E+1	7.82000000E+2	4.04900000E+0	4.04900000E+0	8.15016053E+0	1.76339837E+2	1.93134107E+2
9.55650000E+3	8.35722930E+1	-1.59334000E+5	-1.27898000E+5	4.50000000E+1	8.20000000E+2	4.04900000E+0	4.04900000E+0	1.11138553E+1	1.84736972E+2	2.02519141E+2
9.55675000E+3	8.35597120E+1	-1.60431000E+5	-1.28998000E+5	5.50000000E+1	8.54000000E+2	4.05000000E+0	4.05000000E+0	1.35802469E+1	1.92839506E+2	2.10864198E+2
9.55700000E+3	8.35471549E+1	-1.61526000E+5	-1.30096000E+5	4.30000000E+1	8.51000000E+2	4.05100000E+0	4.05100000E+0	1.06146630E+1	1.93038756E+2	2.10071587E+2
9.55725000E+3	8.35346214E+1	-1.62618000E+5	-1.31192000E+5	4.60000000E+1	8.37000000E+2	4.05000000E+0	4.05000000E+0	1.13580247E+1	1.90617284E+2	2.06666667E+2
9.55750000E+3	8.35221114E+1	-1.63709000E+5	-1.32285000E+5	4.80000000E+1	8.42000000E+2	4.05100000E+0	4.05100000E+0	1.18489262E+1	1.91063935E+2	2.07849914E+2
9.55775000E+3	8.35096248E+1	-1.64797000E+5	-1.33377000E+5	5.90000000E+1	8.67000000E+2	4.05000000E+0	4.05000000E+0	1.45679012E+1	1.94814815E+2	2.14074074E+2
9.55800000E+3	8.34971614E+1	-1.65883000E+5	-1.34466000E+5	5.10000000E+1	8.33000000E+2	4.04900000E+0	4.04900000E+0	1.25957026E+1	1.88194616E+2	2.05729810E+2
9.55825000E+3	8.34847212E+1	-1.66967000E+5	-1.35553000E+5	5.10000000E+1	7.60000000E+2	4.04900000E+0	4.04900000E+0	1.25957026E+1	1.71400346E+2	1.87700667E+2
9.55850000E+3	8.34723040E+1	-1.68049000E+5	-1.36638000E+5	4.60000000E+1	7.98000000E+2	4.04900000E+0	4.04900000E+0	1.13608298E+1	1.78068659E+2	1.97085700E+2
9.55875000E+3	8.34599097E+1	-1.69129000E+5	-1.37721000E+5	5.20000000E+1	8.38000000E+2	4.04900000E+0	4.04900000E+0	1.28426772E+1	1.87947641E+2	2.06964683E+2
9.55900000E+3	8.34475382E+1	-1.70206000E+5	-1.38802000E+5	4.40000000E+1	7.95000000E+2	4.04900000E+0	4.04900000E+0	1.08668807E+1	1.79056557E+2	1.96344776E+2
9.55925000E+3	8.34351893E+1	-1.71282000E+5	-1.39881000E+5	5.30000000E+1	8.12000000E+2	4.05000000E+0	4.05000000E+0	1.30864198E+1	1.86913580E+2	2.00493827E+2
9.55950000E+3	8.34228629E+1	-1.72355000E+5	-1.40958000E+5	4.80000000E+1	8.50000000E+2	4.05000000E+0	4.05000000E+0	1.18518519E+1	1.94814815E+2	2.09876543E+2
9.55975000E+3	8.34105589E+1	-1.73427000E+5	-1.42032000E+5	4.60000000E+1	7.61000000E+2	4.04900000E+0	4.04900000E+0	1.13608298E+1	1.73623117E+2	1.87947641E+2
9.56000000E+3	8.33982772E+1	-1.74496000E+5	-1.43105000E+5	5.80000000E+1	7.84000000E+2	4.05100000E+0	4.05100000E+0	1.43174525E+1	1.77733893E+2	1.93532461E+2
9.56025000E+3	8.33860176E+1	-1.75563000E+5	-1.44176000E+5	5.50000000E+1	8.23000000E+2	4.04800000E+0	4.04800000E+0	1.35869565E+1	1.87252964E+2	2.03310277E+2
9.56050000E+3	8.33737801E+1	-1.76629000E+5	-1.45244000E+5	6.30000000E+1	8.03000000E+2	4.04900000E+0	4.04900000E+0	1.55593974E+1	1.83502099E+2	1.98320573E+2
9.56075000E+3	8.33615646E+1	-1.77692000E+5	-1.46311000E+5	6.10000000E+1	8.42000000E+2	4.04900000E+0	4.04900000E+0	1.50654483E+1	1.87453692E+2	2.07952581E+2
9.56100000E+3	8.33493708E+1	-1.78753000E+5	-1.47375000E+5	5.70000000E+1	8.05000000E+2	4.04900000E+0	4.04900000E+0	1.40775500E+1	1.85724870E+2	1.98814522E+2
9.56125000E+3	8.33371988E+1	-1.79812000E+5	-1.48438000E+5	5.80000000E+1	7.96000000E+2	4.04900000E+0	4.04900000E+0	1.43245246E+1	1.81032354E+2	1.96591751E+2
9.56150000E+3	8.33250483E+1	-1.80870000E+5	-1.49498000E+5	5.40000000E+1	8.29000000E+2	4.04900000E+0	4.04900000E+0	1.33366263E+1	1.87206718E+2	2.04741912E+2
9.56175000E+3	8.33129193E+1	-1.81925000E+5	-1.50557000E+5	4.30000000E+1	8.23000000E+2	4.05000000E+0	4.05000000E+0	1.06172840E+1	1.82962963E+2	2.03209877E+2
9.56200000E+3	8.33008117E+1	-1.82978000E+5	-1.51613000E+5	6.00000000E+1	8.29000000E+2	4.05000000E+0	4.05000000E+0	1.48148148E+1	1.89135802E+2	2.04691358E+2
9.56225000E+3	8.32887254E+1	-1.84030000E+5	-1.52668000E+5	5.70000000E+1	8.31000000E+2	4.05000000E+0	4.05000000E+0	1.40740741E+1	1.88148148E+2	2.05185185E+2
9.56250000E+3	8.32766602E+1	-1.85079000E+5	-1.53720000E+5	7.60000000E+1	8.15000000E+2	4.05100000E+0	4.05100000E+0	1.87607998E+1	1.84152061E+2	2.01184893E+2
9.56275000E+3	8.32646160E+1	-1.86126000E+5	-1.54771000E+5	6.00000000E+1	8.06000000E+2	4.04900000E+0	4.04900000E+0	1.48184737E+1	1.85230921E+2	1.99061497E+2
9.56300000E+3	8.32525928E+1	-1.87172000E+5	-1.55820000E+5	7.50000000E+1	7.91000000E+2	4.04900000E+0	4.04900000E+0	1.85230921E+1	1.85230921E+2	1.95356878E+2
9.56325000E+3	8.32405903E+1	-1.88215000E+5	-1.56867000E+5	6.50000000E+1	8.21000000E+2	4.05100000E+0	4.05100000E+0	1.60454209E+1	1.86373735E+2	2.02666008E+2
9.56350000E+3	8.32286087E+1	-1.89257000E+5	-1.57912000E+5	7.20000000E+1	8.57000000E+2	4.05100000E+0	4.05100000E+0	1.77733893E+1	1.96247840E+2	2.11552703E+2
9.56375000E+3	8.32166476E+1	-1.90297000E+5	-1.58955000E+5	6.70000000E+1	8.11000000E+2	4.04900000E+0	4.04900000E+0	1.65472956E+1	1.86218819E+2	2.00296369E+2
9.56400000E+3	8.32047071E+1	-1.91335000E+5	-1.59996000E+5	9.60000000E+1	8.45000000E+2	4.05000000E+0	4.05000000E+0	2.37037037E+1	1.92592593E+2	2.08641975E+2
9.56425000E+3	8.31927869E+1	-1.92371000E+5	-1.61035000E+5	7.60000000E+1	8.23000000E+2	4.05000000E+0	4.05000000E+0	1.87654321E+1	1.85925926E+2	2.03209877E+2
9.56450000E+3	8.31808871E+1	-1.93405000E+5	-1.62072000E+5	6.50000000E+1	7.68000000E+2	4.05100000E+0	4.05100000E+0	1.60454209E+1	1.74277956E+2	1.89582819E+2
9.56475000E+3	8.31690075E+1	-1.94437000E+5	-1.63108000E+5	8.50000000E+1	8.00000000E+2	4.05000000E+0	4.05000000E+0	2.09876543E+1	1.78765432E+2	1.97530864E+2
9.56500000E+3	8.31571480E+1	-1.95468000E+5	-1.64141000E+5	7.90000000E+1	8.02000000E+2	4.05000000E+0	4.05000000E+0	1.95061728E+1	1.81975309E+2	1.98024691E+2
9.56525000E+3	8.31453085E+1	-1.96496000E+5	-1.65173000E+5	8.00000000E+1	7.82000000E+2	4.04900000E+0	4.04900000E+0	1.97579649E+1	1.76092862E+2	1.93134107E+2
9.56550000E+3	8.31334889E+1	-1.97523000E+5	-1.66203000E+5	8.10000000E+1	7.83000000E+2	4.05000000E+0	4.05000000E+0	2.00000000E+1	1.78024691E+2	1.93333333E+2
9.56575000E+3	8.31216891E+1	-1.98548000E+5	-1.67231000E+5	9.90000000E+1	7.49000000E+2	4.04900000E+0	4.04900000E+0	2.44504816E+1	1.70906397E+2	1.84983947E+2
9.56600000E+3	8.31099091E+1	-1.99571000E+5	-1.68258000E+5	1.20000000E+2	7.75000000E+2	4.04900000E+0	4.04900000E+0	2.96369474E+1	1.72635219E+2	1.91405285E+2
9.56625000E+3	8.30981486E+1	-2.00592000E+5	-1.69282000E+5	1.05000000E+2	7.91000000E+2	4.05100000E+0	4.05000000E+0	2.59259259E+1	1.82177240E+2	1.95260430E+2
9.56650000E+3	8.30864077E+1	-2.01611000E+5	-1.70305000E+5	1.31000000E+2	8.03000000E+2	4.05000000E+0	4.05000000E+0	3.23456790E+1	1.83950617E+2	1.98271605E+2
9.56675000E+3	8.30746863E+1	-2.02629000E+5	-1.71326000E+5	9.90000000E+1	7.50000000E+2	4.04900000E+0	4.04900000E+0	2.44504816E+1	1.67201778E+2	1.85230921E+2
9.56700000E+3	8.30629841E+1	-2.03645000E+5	-1.72345000E+5	1.26000000E+2	7.69000000E+2	4.05000000E+0	4.05000000E+0	3.11111111E+1	1.76296296E+2	1.89876543E+2
9.56725000E+3	8.30513012E+1	-2.04659000E+5	-1.73362000E+5	1.45000000E+2	7.83000000E+2	4.05000000E+0	4.05000000E+0	3.58024691E+1	1.78518519E+2	1.93333333E+2
9.56750000E+3	8.30396375E+1	-2.05671000E+5	-1.74378000E+5	1.55000000E+2	7.62000000E+2	4.05000000E+0	4.05000000E+0	3.82716049E+1	1.72098765E+2	1.88148148E+2
9.56775000E+3	8.30279928E+1	-2.06682000E+5	-1.75391000E+5	1.30000000E+2	7.46000000E+2	4.05000000E+0	4.05000000E+0	3.20987654E+1	1.70370370E+2	1.84197531E+2
9.56800000E+3	8.30163671E+1	-2.07691000E+5	-1.76403000E+5	1.43000000E+2	7.41000000E+2	4.05000000E+0	4.05000000E+0	3.53086420E+1	1.70617284E+2	1.82962963E+2
9.56825000E+3	8.30047603E+1	-2.08698000E+5	-1.77414000E+5	1.81000000E+2	8.08000000E+2	4.04900000E+0	4.04900000E+0	4.47023957E+1	1.83255125E+2	1.99555446E+2
9.56850000E+3	8.29931723E+1	-2.09703000E+5	-1.78422000E+5	1.48000000E+2	7.46000000E+2	4.05000000E+0	4.05000000E+0	3.65432099E+1	1.66419753E+2	1.84197531E+2
9.56875000E+3	8.29816029E+1	-2.10707000E+5	-1.79429000E+5	1.85000000E+2	7.69000000E+2	4.05000000E+0	4.05000000E+0	4.56790123E+1	1.72098765E+2	1.89876543E+2
9.56900000E+3	8.29700522E+1	-2.11709000E+5	-1.80434000E+5	1.74000000E+2	7.36000000E+2	4.05000000E+0	4.05000000E+0	4.29629630E+1	1.64444444E+2	1.81728395E+2
9.56925000E+3	8.29585201E+1	-2.12709000E+5	-1.81438000E+5	2.04000000E+2	8.03000000E+2	4.05000000E+0	4.05000000E+0	5.03703704E+1	1.85185185E+2	1.98271605E+2
9.56950000E+3	8.29470063E+1	-2.13707000E+5	-1.82439000E+5	2.46000000E+2	8.23000000E+2	4.04900000E+0	4.04900000E+0	6.07557422E+1	1.87700667E+2	2.03260064E+2
9.56975000E+3	8.29355109E+1	-2.14704000E+5	-1.83439000E+5	2.29000000E+2	7.71000000E+2	4.05000000E+0	4.05000000E+0	5.65432099E+1	1.76790123E+2	1.90370370E+2
9.57000000E+3	8.29240338E+1	-2.15699000E+5	-1.84438000E+5	2.72000000E+2	8.24000000E+2	4.05100000E+0	4.05100000E+0	6.71439151E+1	1.91557640E+2	2.03406566E+2
9.57025000E+3	8.29125749E+1	-2.16692000E+5	-1.85434000E+5	2.57000000E+2	7.61000000E+2	4.04900000E+0	4.04900000E+0	6.34724623E+1	1.73623117E+2	1.87947641E+2
9.57050000E+3	8.29011341E+1	-2.17684000E+5	-1.86429000E+5	2.43000000E+2	8.27000000E+2	4.05000000E+0	4.05000000E+0	6.00000000E+1	1.88395062E+2	2.04197531E+2
9.57075000E+3	8.28897112E+1	-2.18674000E+5	-1.87422000E+5	2.52000000E+2	7.90000000E+2	4.05000000E+0	4.05000000E+0	6.22222222E+1	1.80246914E+2	1.95061728E+2
9.57100000E+3	8.28783064E+1	-2.19662000E+5	-1.88414000E+5	2.97000000E+2	8.61000000E+2	4.04900000E+0	4.04900000E+0	7.33514448E+1	1.97085700E+2	2.12645098E+2
9.57125000E+3	8.28669194E+1	-2.20649000E+5	-1.89404000E+5	3.03000000E+2	8.41000000E+2	4.04900000E+0	4.04900000E+0	7.48332922E+1	1.94368980E+2	2.07705606E+2
9.57150000E+3	8.28555501E+1	-2.21634000E+5	-1.90392000E+5	3.02000000E+2	7.77000000E+2	4.05000000E+0	4.05000000E+0	7.45679012E+1	1.78518519E+2	1.91851852E+2
9.57175000E+3	8.28441986E+1	-2.22618000E+5	-1.91379000E+5	2.85000000E+2	8.31000000E+2	4.05000000E+0	4.05000000E+0	7.03703704E+1	1.90617284E+2	2.05185185E+2
9.57200000E+3	8.28328646E+1	-2.23599000E+5	-1.92364000E+5	3.45000000E+2	8.70000000E+2	4.05000000E+0	4.05000000E+0	8.51851852E+1	2.00987654E+2	2.14814815E+2
9.57225000E+3	8.28215482E+1	-2.24580000E+5	-1.93347000E+5	3.43000000E+2	8.34000000E+2	4.05000000E+0	4.05000000E+0	8.46913580E+1	1.98271605E+2	2.05925926E+2
9.57250000E+3	8.28102493E+1	-2.25558000E+5	-1.94329000E+5	4.10000000E+2	9.30000000E+2	4.05000000E+0	4.05000000E+0	1.01234568E+2	2.11604938E+2	2.29629630E+2
9.57275000E+3	8.27989677E+1	-2.26535000E+5	-1.95309000E+5	4.20000000E+2	9.04000000E+2	4.05000000E+0	4.05000000E+0	1.03703704E+2	2.10123457E+2	2.23209877E+2
9.57300000E+3	8.27877034E+1	-2.27511000E+5	-1.96288000E+5	3.84000000E+2	9.00000000E+2	4.05000000E+0	4.05000000E+0	9.48148148E+1	2.07901235E+2	2.22222222E+2
9.57325000E+3	8.27764564E+1	-2.28484000E+5	-1.97265000E+5	5.22000000E+2	1.06100000E+3	4.04900000E+0	4.04900000E+0	1.28920721E+2	2.48456409E+2	2.62040010E+2
9.57350000E+3	8.27652265E+1	-2.29456000E+5	-1.98240000E+5	5.50000000E+2	1.09700000E+3	4.04900000E+0	4.04900000E+0	1.35836009E+2	2.53395900E+2	2.70931094E+2
9.57375000E+3	8.27540136E+1	-2.30427000E+5	-1.99214000E+5	5.98000000E+2	1.11700000E+3	4.05100000E+0	4.05000000E+0	1.47654321E+2	2.57960997E+2	2.75734387E+2
9.57400000E+3	8.27428178E+1	-2.31396000E+5	-2.00187000E+5	5.68000000E+2	1.08700000E+3	4.05000000E+0	4.04900000E+0	1.40281551E+2	2.54074074E+2	2.68395062E+2
9.57425000E+3	8.27316388E+1	-2.32364000E+5	-2.01157000E+5	6.62000000E+2	1.13700000E+3	4.05000000E+0	4.05000000E+0	1.63456790E+2	2.64197531E+2	2.80740741E+2
9.57450000E+3	8.27204768E+1	-2.33329000E+5	-2.02126000E+5	7.02000000E+2	1.20400000E+3	4.05000000E+0	4.04900000E+0	1.73376142E+2	2.82962963E+2	2.97283951E+2
9.57475000E+3	8.27093314E+1	-2.34294000E+5	-2.03094000E+5	8.14000000E+2	1.32200000E+3	4.05100000E+0	4.05000000E+0	2.00987654E+2	3.12515428E+2	3.26339176E+2
9.57500000E+3	8.26982028E+1	-2.35257000E+5	-2.04060000E+5	9.39000000E+2	1.41000000E+3	4.05000000E+0	4.05000000E+0	2.31851852E+2	3.37037037E+2	3.48148148E+2
9.57525000E+3	8.26870908E+1	-2.36218000E+5	-2.05024000E+5	1.03800000E+3	1.56700000E+3	4.05100000E+0	4.05000000E+0	2.56296296E+2	3.70032091E+2	3.86818070E+2
9.57550000E+3	8.26759954E+1	-2.37178000E+5	-2.05987000E+5	1.08100000E+3	1.56400000E+3	4.05000000E+0	4.05000000E+0	2.66913580E+2	3.69629630E+2	3.86172840E+2
9.57575000E+3	8.26649164E+1	-2.38136000E+5	-2.06949000E+5	1.13600000E+3	1.63500000E+3	4.04900000E+0	4.04800000E+0	2.80632411E+2	3.94912324E+2	4.03803408E+2
9.57600000E+3	8.26538539E+1	-2.39092000E+5	-2.07909000E+5	1.20200000E+3	1.76400000E+3	4.05100000E+0	4.05000000E+0	2.96790123E+2	4.19155764E+2	4.35448038E+2
9.57625000E+3	8.26428077E+1	-2.40048000E+5	-2.08867000E+5	1.35800000E+3	1.87500000E+3	4.05000000E+0	4.04900000E+0	3.35391455E+2	4.48641975E+2	4.62962963E+2
9.57650000E+3	8.26317777E+1	-2.41001000E+5	-2.09824000E+5	1.36500000E+3	1.86200000E+3	4.04900000E+0	4.04900000E+0	3.37120277E+2	4.44307236E+2	4.59866634E+2
9.57675000E+3	8.26207640E+1	-2.41953000E+5	-2.10779000E+5	1.46700000E+3	1.99900000E+3	4.05200000E+0	4.05100000E+0	3.62132807E+2	4.76801579E+2	4.93336624E+2
9.57700000E+3	8.26097663E+1	-2.42904000E+5	-2.11733000E+5	1.48900000E+3	1.94600000E+3	4.05000000E+0	4.05000000E+0	3.67654321E+2	4.68148148E+2	4.80493827E+2
9.57725000E+3	8.25987848E+1	-2.43853000E+5	-2.12686000E+5	1.56800000E+3	2.12500000E+3	4.05000000E+0	4.04900000E+0	3.87256113E+2	5.10123457E+2	5.24691358E+2
9.57750000E+3	8.25878192E+1	-2.44801000E+5	-2.13637000E+5	1.74100000E+3	2.28500000E+3	4.05100000E+0	4.05000000E+0	4.29876543E+2	5.47025426E+2	5.64058257E+2
9.57775000E+3	8.25768696E+1	-2.45747000E+5	-2.14586000E+5	1.66600000E+3	2.22600000E+3	4.05000000E+0	4.04900000E+0	4.11459620E+2	5.31851852E+2	5.49629630E+2
9.57800000E+3	8.25659358E+1	-2.46692000E+5	-2.15534000E+5	1.67000000E+3	2.23800000E+3	4.04900000E+0	4.04800000E+0	4.12549407E+2	5.35440850E+2	5.52729069E+2
9.57825000E+3	8.25550178E+1	-2.47635000E+5	-2.16481000E+5	1.70600000E+3	2.26400000E+3	4.05000000E+0	4.04900000E+0	4.21338602E+2	5.45432099E+2	5.59012346E+2
9.57850000E+3	8.25441156E+1	-2.48577000E+5	-2.17426000E+5	1.94100000E+3	2.43200000E+3	4.05000000E+0	4.04800000E+0	4.79496047E+2	5.84938272E+2	6.00493827E+2
9.57875000E+3	8.25332290E+1	-2.49517000E+5	-2.18369000E+5	1.94900000E+3	2.48800000E+3	4.05000000E+0	4.04900000E+0	4.81353421E+2	5.95802469E+2	6.14320988E+2
9.57900000E+3	8.25223580E+1	-2.50456000E+5	-2.19311000E+5	1.91700000E+3	2.43900000E+3	4.05000000E+0	4.04800000E+0	4.73567194E+2	5.87160494E+2	6.02222222E+2
9.57925000E+3	8.25115025E+1	-2.51394000E+5	-2.20252000E+5	1.99000000E+3	2.47800000E+3	4.05000000E+0	4.04900000E+0	4.91479378E+2	5.98024691E+2	6.11851852E+2
9.57950000E+3	8.25006625E+1	-2.52330000E+5	-2.21191000E+5	1.92800000E+3	2.34300000E+3	4.04900000E+0	4.04800000E+0	4.76284585E+2	5.67053593E+2	5.78661398E+2
9.57975000E+3	8.24898379E+1	-2.53264000E+5	-2.22129000E+5	2.00000000E+3	2.45600000E+3	4.04900000E+0	4.04800000E+0	4.94071146E+2	5.91010126E+2	6.06569523E+2
9.58000000E+3	8.24790286E+1	-2.54197000E+5	-2.23066000E+5	1.88400000E+3	2.38800000E+3	4.05100000E+0	4.05000000E+0	4.65185185E+2	5.72944952E+2	5.89484078E+2
9.58025000E+3	8.24682346E+1	-2.55129000E+5	-2.24001000E+5	1.79800000E+3	2.25200000E+3	4.04900000E+0	4.04800000E+0	4.44169960E+2	5.40133366E+2	5.56186713E+2
9.58050000E+3	8.24574558E+1	-2.56059000E+5	-2.24934000E+5	1.63300000E+3	2.06200000E+3	4.04900000E+0	4.04800000E+0	4.03409091E+2	4.97159793E+2	5.09261546E+2
9.58075000E+3	8.24466922E+1	-2.56988000E+5	-2.25866000E+5	1.55700000E+3	1.99900000E+3	4.05100000E+0	4.05000000E+0	3.84444444E+2	4.80622069E+2	4.93458405E+2
9.58100000E+3	8.24359437E+1	-2.57916000E+5	-2.26797000E+5	1.48300000E+3	1.95800000E+3	4.05000000E+0	4.05000000E+0	3.66172840E+2	4.70617284E+2	4.83456790E+2
9.58125000E+3	8.24252101E+1	-2.58842000E+5	-2.27726000E+5	1.27400000E+3	1.73200000E+3	4.05000000E+0	4.04900000E+0	3.14645592E+2	4.09382716E+2	4.27654321E+2
9.58150000E+3	8.24144916E+1	-2.59767000E+5	-2.28654000E+5	1.16400000E+3	1.60600000E+3	4.05000000E+0	4.04900000E+0	2.87478390E+2	3.78765432E+2	3.96543210E+2
9.58175000E+3	8.24037880E+1	-2.60690000E+5	-2.29581000E+5	1.06800000E+3	1.46000000E+3	4.05000000E+0	4.05000000E+0	2.63703704E+2	3.48148148E+2	3.60493827E+2
9.58200000E+3	8.23930992E+1	-2.61612000E+5	-2.30506000E+5	1.04600000E+3	1.41700000E+3	4.04900000E+0	4.04800000E+0	2.58399209E+2	3.38108175E+2	3.49962954E+2
9.58225000E+3	8.23824251E+1	-2.62533000E+5	-2.31430000E+5	9.40000000E+2	1.27700000E+3	4.05100000E+0	4.05100000E+0	2.32041471E+2	3.01900765E+2	3.15230807E+2
9.58250000E+3	8.23717659E+1	-2.63452000E+5	-2.32353000E+5	8.05000000E+2	1.10800000E+3	4.04900000E+0	4.04900000E+0	1.98814522E+2	2.62780934E+2	2.73647814E+2
9.58275000E+3	8.23611212E+1	-2.64370000E+5	-2.33274000E+5	7.57000000E+2	1.06300000E+3	4.05000000E+0	4.05000000E+0	1.86913580E+2	2.47654321E+2	2.62469136E+2
9.58300000E+3	8.23504912E+1	-2.65287000E+5	-2.34193000E+5	7.42000000E+2	1.04500000E+3	4.05000000E+0	4.05000000E+0	1.83209877E+2	2.46913580E+2	2.58024691E+2
9.58325000E+3	8.23398758E+1	-2.66202000E+5	-2.35112000E+5	6.25000000E+2	9.19000000E+2	4.04900000E+0	4.04900000E+0	1.54359101E+2	2.15114843E+2	2.26969622E+2
9.58350000E+3	8.23292748E+1	-2.67116000E+5	-2.36029000E+5	6.46000000E+2	9.62000000E+2	4.04900000E+0	4.04900000E+0	1.59545567E+2	2.29686342E+2	2.37589528E+2
9.58375000E+3	8.23186883E+1	-2.68028000E+5	-2.36945000E+5	5.81000000E+2	8.80000000E+2	4.05000000E+0	4.05000000E+0	1.43456790E+2	2.03456790E+2	2.17283951E+2
9.58400000E+3	8.23081161E+1	-2.68939000E+5	-2.37859000E+5	5.87000000E+2	8.73000000E+2	4.05000000E+0	4.04900000E+0	1.44974068E+2	2.03950617E+2	2.15555556E+2
9.58425000E+3	8.22975583E+1	-2.69849000E+5	-2.38772000E+5	5.14000000E+2	8.16000000E+2	4.05000000E+0	4.05000000E+0	1.26913580E+2	1.86666667E+2	2.01481481E+2
9.58450000E+3	8.22870147E+1	-2.70757000E+5	-2.39684000E+5	4.95000000E+2	7.78000000E+2	4.05000000E+0	4.05000000E+0	1.22222222E+2	1.78518519E+2	1.92098765E+2
9.58475000E+3	8.22764854E+1	-2.71665000E+5	-2.40594000E+5	4.68000000E+2	7.67000000E+2	4.04900000E+0	4.04900000E+0	1.15584095E+2	1.76586812E+2	1.89429489E+2
9.58500000E+3	8.22659702E+1	-2.72571000E+5	-2.41503000E+5	4.21000000E+2	6.74000000E+2	4.05000000E+0	4.05000000E+0	1.03950617E+2	1.58271605E+2	1.66419753E+2
9.58525000E+3	8.22554691E+1	-2.73475000E+5	-2.42411000E+5	3.82000000E+2	6.55000000E+2	4.05000000E+0	4.05000000E+0	9.43209877E+1	1.53086420E+2	1.61728395E+2
9.58550000E+3	8.22449820E+1	-2.74378000E+5	-2.43318000E+5	3.64000000E+2	6.32000000E+2	4.05000000E+0	4.05100000E+0	8.98543569E+1	1.43950617E+2	1.56049383E+2
9.58575000E+3	8.22345090E+1	-2.75280000E+5	-2.44223000E+5	3.71000000E+2	6.38000000E+2	4.04900000E+0	4.04900000E+0	9.16275624E+1	1.47196839E+2	1.57569770E+2
9.58600000E+3	8.22240498E+1	-2.76181000E+5	-2.45127000E+5	3.56000000E+2	6.52000000E+2	4.04900000E+0	4.04900000E+0	8.79229439E+1	1.48925661E+2	1.61027414E+2
9.58625000E+3	8.22136046E+1	-2.77080000E+5	-2.46029000E+5	3.21000000E+2	6.26000000E+2	4.04900000E+0	4.04900000E+0	7.92788343E+1	1.41763398E+2	1.54606076E+2
9.58650000E+3	8.22031732E+1	-2.77978000E+5	-2.46930000E+5	2.83000000E+2	5.79000000E+2	4.05100000E+0	4.05100000E+0	6.98592940E+1	1.29844483E+2	1.42927672E+2
9.58675000E+3	8.21927555E+1	-2.78875000E+5	-2.47830000E+5	2.60000000E+2	5.45000000E+2	4.05100000E+0	4.05100000E+0	6.41816835E+1	1.24413725E+2	1.34534683E+2
9.58700000E+3	8.21823516E+1	-2.79771000E+5	-2.48729000E+5	2.35000000E+2	5.36000000E+2	4.04900000E+0	4.04900000E+0	5.80390220E+1	1.21017535E+2	1.32378365E+2
9.58725000E+3	8.21719614E+1	-2.80665000E+5	-2.49627000E+5	2.24000000E+2	5.44000000E+2	4.04900000E+0	4.04900000E+0	5.53223018E+1	1.21264510E+2	1.34354162E+2
9.58750000E+3	8.21615847E+1	-2.81558000E+5	-2.50523000E+5	2.12000000E+2	5.29000000E+2	4.05100000E+0	4.05100000E+0	5.23327573E+1	1.15033325E+2	1.30585041E+2
9.58775000E+3	8.21512217E+1	-2.82450000E+5	-2.51418000E+5	2.41000000E+2	5.55000000E+2	4.05000000E+0	4.05000000E+0	5.95061728E+1	1.24444444E+2	1.37037037E+2
9.58800000E+3	8.21408721E+1	-2.83340000E+5	-2.52312000E+5	2.15000000E+2	4.97000000E+2	4.05100000E+0	4.05100000E+0	5.30733152E+1	1.12071094E+2	1.22685757E+2
9.58825000E+3	8.21305361E+1	-2.84229000E+5	-2.53204000E+5	1.88000000E+2	5.19000000E+2	4.04900000E+0	4.05000000E+0	4.64197531E+1	1.18547790E+2	1.28179797E+2
9.58850000E+3	8.21202134E+1	-2.85117000E+5	-2.54095000E+5	2.17000000E+2	5.35000000E+2	4.05000000E+0	4.05000000E+0	5.35802469E+1	1.19259259E+2	1.32098765E+2
9.58875000E+3	8.21099041E+1	-2.86004000E+5	-2.54985000E+5	1.78000000E+2	4.78000000E+2	4.04800000E+0	4.04800000E+0	4.39723320E+1	1.06966403E+2	1.18083004E+2
9.58900000E+3	8.20996081E+1	-2.86889000E+5	-2.55874000E+5	1.77000000E+2	5.10000000E+2	4.05000000E+0	4.05000000E+0	4.37037037E+1	1.11851852E+2	1.25925926E+2
9.58925000E+3	8.20893254E+1	-2.87774000E+5	-2.56761000E+5	1.74000000E+2	4.78000000E+2	4.05000000E+0	4.05000000E+0	4.29629630E+1	1.08888889E+2	1.18024691E+2
9.58950000E+3	8.20790559E+1	-2.88657000E+5	-2.57647000E+5	1.58000000E+2	4.77000000E+2	4.04900000E+0	4.05000000E+0	3.90123457E+1	1.08668807E+2	1.17806866E+2
9.58975000E+3	8.20687996E+1	-2.89538000E+5	-2.58532000E+5	1.22000000E+2	4.95000000E+2	4.05000000E+0	4.05000000E+0	3.01234568E+1	1.07654321E+2	1.22222222E+2
9.59000000E+3	8.20585563E+1	-2.90419000E+5	-2.59416000E+5	1.40000000E+2	4.84000000E+2	4.05000000E+0	4.05000000E+0	3.45679012E+1	1.06666667E+2	1.19506173E+2
9.59025000E+3	8.20483262E+1	-2.91298000E+5	-2.60299000E+5	1.26000000E+2	5.05000000E+2	4.04800000E+0	4.04800000E+0	3.11264822E+1	1.12895257E+2	1.24752964E+2
9.59050000E+3	8.20381091E+1	-2.92176000E+5	-2.61180000E+5	1.14000000E+2	4.51000000E+2	4.05000000E+0	4.05100000E+0	2.81411997E+1	1.01728395E+2	1.11358025E+2
9.59075000E+3	8.20279049E+1	-2.93053000E+5	-2.62060000E+5	1.09000000E+2	4.53000000E+2	4.05100000E+0	4.05100000E+0	2.69069366E+1	9.87410516E+1	1.11824241E+2
9.59100000E+3	8.20177137E+1	-2.93929000E+5	-2.62939000E+5	9.20000000E+1	4.52000000E+2	4.05000000E+0	4.05000000E+0	2.27160494E+1	9.67901235E+1	1.11604938E+2
9.59125000E+3	8.20075353E+1	-2.94803000E+5	-2.63817000E+5	8.60000000E+1	4.30000000E+2	4.05100000E+0	4.05100000E+0	2.12293261E+1	9.42977043E+1	1.06146630E+2
9.59150000E+3	8.19973698E+1	-2.95677000E+5	-2.64693000E+5	9.30000000E+1	4.49000000E+2	4.05000000E+0	4.05000000E+0	2.29629630E+1	1.00246914E+2	1.10864198E+2
9.59175000E+3	8.19872170E+1	-2.96549000E+5	-2.65569000E+5	9.20000000E+1	4.52000000E+2	4.05000000E+0	4.05000000E+0	2.27160494E+1	9.82716049E+1	1.11604938E+2
9.59200000E+3	8.19770770E+1	-2.97420000E+5	-2.66443000E+5	8.90000000E+1	4.64000000E+2	4.05000000E+0	4.05000000E+0	2.19753086E+1	1.01481481E+2	1.14567901E+2
9.59225000E+3	8.19669497E+1	-2.98290000E+5	-2.67316000E+5	7.50000000E+1	4.39000000E+2	4.04900000E+0	4.04900000E+0	1.85230921E+1	9.48382317E+1	1.08421833E+2
9.59250000E+3	8.19568350E+1	-2.99158000E+5	-2.68188000E+5	9.40000000E+1	4.93000000E+2	4.04900000E+0	4.04900000E+0	2.32156088E+1	1.09162756E+2	1.21758459E+2
9.59275000E+3	8.19467329E+1	-3.00026000E+5	-2.69058000E+5	7.80000000E+1	5.02000000E+2	4.04900000E+0	4.05000000E+0	1.92592593E+1	1.06693011E+2	1.23981230E+2
9.59300000E+3	8.19366434E+1	-3.00892000E+5	-2.69928000E+5	4.40000000E+1	4.62000000E+2	4.04900000E+0	4.04900000E+0	1.08668807E+1	9.92837738E+1	1.14102247E+2
9.59325000E+3	8.19265664E+1	-3.01757000E+5	-2.70796000E+5	5.80000000E+1	4.92000000E+2	4.04900000E+0	4.04900000E+0	1.43245246E+1	1.09409731E+2	1.21511484E+2
9.59350000E+3	8.19165019E+1	-3.02621000E+5	-2.71663000E+5	5.70000000E+1	4.60000000E+2	4.05000000E+0	4.05000000E+0	1.40740741E+1	9.97530864E+1	1.13580247E+2
9.59375000E+3	8.19064497E+1	-3.03483000E+5	-2.72529000E+5	7.00000000E+1	4.98000000E+2	4.05100000E+0	4.05100000E+0	1.72796840E+1	1.09849420E+2	1.22932609E+2
9.59400000E+3	8.18964100E+1	-3.04345000E+5	-2.73394000E+5	7.20000000E+1	5.37000000E+2	4.05000000E+0	4.05000000E+0	1.77777778E+1	1.19012346E+2	1.32592593E+2
9.59425000E+3	8.18863826E+1	-3.05205000E+5	-2.74258000E+5	6.10000000E+1	5.00000000E+2	4.05000000E+0	4.05000000E+0	1.50617284E+1	1.09876543E+2	1.23456790E+2
9.59450000E+3	8.18763674E+1	-3.06065000E+5	-2.75120000E+5	6.20000000E+1	5.15000000E+2	4.05000000E+0	4.05000000E+0	1.53086420E+1	1.11358025E+2	1.27160494E+2
9.59475000E+3	8.18663645E+1	-3.06923000E+5	-2.75982000E+5	5.50000000E+1	5.05000000E+2	4.05000000E+0	4.05000000E+0	1.35802469E+1	1.10370370E+2	1.24691358E+2
9.59500000E+3	8.18563739E+1	-3.07780000E+5	-2.76842000E+5	5.60000000E+1	5.18000000E+2	4.05100000E+0	4.05100000E+0	1.38237472E+1	1.15527030E+2	1.27869662E+2
9.59525000E+3	8.18463953E+1	-3.08636000E+5	-2.77701000E+5	5.10000000E+1	4.80000000E+2	4.05000000E+0	4.05000000E+0	1.25925926E+1	1.03950617E+2	1.18518519E+2
9.59550000E+3	8.18364289E+1	-3.09491000E+5	-2.78559000E+5	5.30000000E+1	5.25000000E+2	4.04900000E+0	4.05000000E+0	1.30864198E+1	1.14349222E+2	1.29661645E+2
9.59575000E+3	8.18264746E+1	-3.10344000E+5	-2.79416000E+5	4.30000000E+1	5.47000000E+2	4.05000000E+0	4.05000000E+0	1.06172840E+1	1.20000000E+2	1.35061728E+2
9.59600000E+3	8.18165322E+1	-3.11197000E+5	-2.80271000E+5	5.60000000E+1	5.67000000E+2	4.05000000E+0	4.05000000E+0	1.38271605E+1	1.22962963E+2	1.40000000E+2
9.59625000E+3	8.18066019E+1	-3.12048000E+5	-2.81126000E+5	6.10000000E+1	5.95000000E+2	4.05100000E+0	4.05100000E+0	1.50580104E+1	1.28610220E+2	1.46877314E+2
9.59650000E+3	8.17966835E+1	-3.12898000E+5	-2.81980000E+5	4.90000000E+1	5.93000000E+2	4.04900000E+0	4.04900000E+0	1.21017535E+1	1.29167696E+2	1.46455915E+2
9.59675000E+3	8.17867771E+1	-3.13748000E+5	-2.82832000E+5	4.10000000E+1	5.76000000E+2	4.05000000E+0	4.05000000E+0	1.01234568E+1	1.30123457E+2	1.42222222E+2
9.59700000E+3	8.17768824E+1	-3.14596000E+5	-2.83683000E+5	5.90000000E+1	6.25000000E+2	4.05000000E+0	4.05000000E+0	1.45679012E+1	1.34320988E+2	1.54320988E+2
9.59725000E+3	8.17669997E+1	-3.15443000E+5	-2.84533000E+5	3.90000000E+1	6.14000000E+2	4.05100000E+0	4.05100000E+0	9.62725253E+0	1.34287830E+2	1.51567514E+2
9.59750000E+3	8.17571287E+1	-3.16288000E+5	-2.85382000E+5	5.30000000E+1	5.97000000E+2	4.04900000E+0	4.04900000E+0	1.30896518E+1	1.32131390E+2	1.47443813E+2
9.59775000E+3	8.17472694E+1	-3.17133000E+5	-2.86230000E+5	4.70000000E+1	5.46000000E+2	4.04900000E+0	4.04900000E+0	1.16078044E+1	1.20276612E+2	1.34848111E+2
9.59800000E+3	8.17374218E+1	-3.17977000E+5	-2.87077000E+5	3.60000000E+1	5.90000000E+2	4.05000000E+0	4.05000000E+0	8.88888889E+0	1.30370370E+2	1.45679012E+2
9.59825000E+3	8.17275859E+1	-3.18819000E+5	-2.87923000E+5	3.60000000E+1	5.93000000E+2	4.05100000E+0	4.05100000E+0	8.88669464E+0	1.30091335E+2	1.46383609E+2
9.59850000E+3	8.17177616E+1	-3.19661000E+5	-2.88768000E+5	4.20000000E+1	6.42000000E+2	4.04900000E+0	4.04900000E+0	1.03729316E+1	1.42751297E+2	1.58557669E+2
9.59875000E+3	8.17079489E+1	-3.20501000E+5	-2.89611000E+5	3.50000000E+1	6.09000000E+2	4.05000000E+0	4.05000000E+0	8.64197531E+0	1.32592593E+2	1.50370370E+2
9.59900000E+3	8.16981478E+1	-3.21341000E+5	-2.90454000E+5	3.80000000E+1	6.13000000E+2	4.05100000E+0	4.05100000E+0	9.38039990E+0	1.32806714E+2	1.51320662E+2
9.59925000E+3	8.16883581E+1	-3.22179000E+5	-2.91295000E+5	2.80000000E+1	5.93000000E+2	4.05000000E+0	4.05000000E+0	6.91358025E+0	1.28395062E+2	1.46419753E+2
9.59950000E+3	8.16785799E+1	-3.23016000E+5	-2.92136000E+5	3.00000000E+1	6.33000000E+2	4.04900000E+0	4.05000000E+0	7.40740741E+0	1.41516424E+2	1.56334898E+2
9.59975000E+3	8.16688132E+1	-3.23852000E+5	-2.92975000E+5	4.00000000E+1	6.42000000E+2	4.05000000E+0	4.05000000E+0	9.87654321E+0	1.45679012E+2	1.58518519E+2
9.60000000E+3	8.16590578E+1	-3.24687000E+5	-2.93813000E+5	3.60000000E+1	6.46000000E+2	4.05100000E+0	4.05100000E+0	8.88669464E+0	1.45643051E+2	1.59466798E+2
9.60025000E+3	8.16493138E+1	-3.25521000E+5	-2.94651000E+5	3.00000000E+1	6.51000000E+2	4.05000000E+0	4.05000000E+0	7.40740741E+0	1.38518519E+2	1.60740741E+2
9.60050000E+3	8.16395810E+1	-3.26354000E+5	-2.95487000E+5	2.20000000E+1	6.15000000E+2	4.05000000E+0	4.05000000E+0	5.43209877E+0	1.31851852E+2	1.51851852E+2
9.60075000E+3	8.16298596E+1	-3.27186000E+5	-2.96322000E+5	2.50000000E+1	6.27000000E+2	4.05000000E+0	4.05000000E+0	6.17283951E+0	1.40000000E+2	1.54814815E+2
9.60100000E+3	8.16201494E+1	-3.28017000E+5	-2.97156000E+5	2.20000000E+1	6.42000000E+2	4.04900000E+0	4.04900000E+0	5.43344036E+0	1.43245246E+2	1.58557669E+2
9.60125000E+3	8.16104504E+1	-3.28847000E+5	-2.97989000E+5	2.60000000E+1	6.46000000E+2	4.04900000E+0	4.04900000E+0	6.42133860E+0	1.42257347E+2	1.59545567E+2
9.60150000E+3	8.16007625E+1	-3.29675000E+5	-2.98821000E+5	3.60000000E+1	6.64000000E+2	4.05100000E+0	4.05100000E+0	8.88669464E+0	1.46136756E+2	1.63910146E+2
9.60175000E+3	8.15910858E+1	-3.30503000E+5	-2.99652000E+5	2.00000000E+1	6.73000000E+2	4.04900000E+0	4.04900000E+0	4.93949123E+0	1.49172635E+2	1.66213880E+2
9.60200000E+3	8.15814201E+1	-3.31330000E+5	-3.00482000E+5	2.90000000E+1	6.63000000E+2	4.04900000E+0	4.04900000E+0	7.16226229E+0	1.44233144E+2	1.63744134E+2
9.60225000E+3	8.15717655E+1	-3.32155000E+5	-3.01311000E+5	3.10000000E+1	6.78000000E+2	4.05000000E+0	4.05000000E+0	7.65432099E+0	1.48641975E+2	1.67407407E+2
9.60250000E+3	8.15621220E+1	-3.32980000E+5	-3.02138000E+5	2.70000000E+1	6.50000000E+2	4.05000000E+0	4.05000000E+0	6.66666667E+0	1.45432099E+2	1.60493827E+2
9.60275000E+3	8.15524894E+1	-3.33803000E+5	-3.02965000E+5	1.70000000E+1	6.75000000E+2	4.05000000E+0	4.05000000E+0	4.19753086E+0	1.50864198E+2	1.66666667E+2
9.60300000E+3	8.15428677E+1	-3.34626000E+5	-3.03791000E+5	2.90000000E+1	6.78000000E+2	4.05000000E+0	4.05000000E+0	7.16049383E+0	1.52098765E+2	1.67407407E+2
9.60325000E+3	8.15332569E+1	-3.35447000E+5	-3.04616000E+5	2.70000000E+1	6.70000000E+2	4.05000000E+0	4.05000000E+0	6.66666667E+0	1.50370370E+2	1.65432099E+2
9.60350000E+3	8.15236570E+1	-3.36268000E+5	-3.05439000E+5	1.70000000E+1	6.55000000E+2	4.04900000E+0	4.04900000E+0	4.19856755E+0	1.42504322E+2	1.61768338E+2
9.60375000E+3	8.15140680E+1	-3.37087000E+5	-3.06262000E+5	2.80000000E+1	6.98000000E+2	4.05000000E+0	4.05000000E+0	6.91358025E+0	1.53086420E+2	1.72345679E+2
9.60400000E+3	8.15044897E+1	-3.37906000E+5	-3.07084000E+5	1.80000000E+1	7.25000000E+2	4.04900000E+0	4.04900000E+0	4.44554211E+0	1.59545567E+2	1.79056557E+2
9.60425000E+3	8.14949222E+1	-3.38723000E+5	-3.07904000E+5	2.20000000E+1	6.72000000E+2	4.05100000E+0	4.05100000E+0	5.43075784E+0	1.52554925E+2	1.65884967E+2
9.60450000E+3	8.14853655E+1	-3.39540000E+5	-3.08724000E+5	1.90000000E+1	7.30000000E+2	4.05000000E+0	4.05000000E+0	4.69135802E+0	1.62222222E+2	1.80246914E+2
9.60475000E+3	8.14758194E+1	-3.40355000E+5	-3.09543000E+5	2.30000000E+1	7.40000000E+2	4.05000000E+0	4.05000000E+0	5.67901235E+0	1.62716049E+2	1.82716049E+2
9.60500000E+3	8.14662840E+1	-3.41170000E+5	-3.10361000E+5	1.90000000E+1	7.27000000E+2	4.05000000E+0	4.05000000E+0	4.69135802E+0	1.62962963E+2	1.79506173E+2
9.60525000E+3	8.14567592E+1	-3.41983000E+5	-3.11177000E+5	2.20000000E+1	6.90000000E+2	4.05100000E+0	4.05100000E+0	5.43075784E+0	1.53542335E+2	1.70328314E+2
9.60550000E+3	8.14472451E+1	-3.42796000E+5	-3.11993000E+5	2.00000000E+1	7.20000000E+2	4.05100000E+0	4.05100000E+0	4.93705258E+0	1.61688472E+2	1.77733893E+2
9.60575000E+3	8.14377414E+1	-3.43607000E+5	-3.12808000E+5	2.50000000E+1	7.52000000E+2	4.05100000E+0	4.05100000E+0	6.17131572E+0	1.66378672E+2	1.85633177E+2
9.60600000E+3	8.14282483E+1	-3.44418000E+5	-3.13621000E+5	1.90000000E+1	7.41000000E+2	4.05000000E+0	4.05000000E+0	4.69135802E+0	1.68641975E+2	1.82962963E+2
9.60625000E+3	8.14187657E+1	-3.45227000E+5	-3.14434000E+5	1.60000000E+1	7.10000000E+2	4.04900000E+0	4.04900000E+0	3.95159299E+0	1.57569770E+2	1.75351939E+2
9.60650000E+3	8.14092935E+1	-3.46036000E+5	-3.15246000E+5	1.60000000E+1	6.96000000E+2	4.05000000E+0	4.05000000E+0	3.95061728E+0	1.56049383E+2	1.71851852E+2
9.60675000E+3	8.13998318E+1	-3.46844000E+5	-3.16057000E+5	1.60000000E+1	7.12000000E+2	4.04900000E+0	4.04900000E+0	3.95159299E+0	1.57322796E+2	1.75845888E+2
9.60700000E+3	8.13903805E+1	-3.47650000E+5	-3.16867000E+5	1.80000000E+1	7.72000000E+2	4.04900000E+0	4.04900000E+0	4.44554211E+0	1.73623117E+2	1.90664362E+2
9.60725000E+3	8.13809395E+1	-3.48456000E+5	-3.17675000E+5	1.70000000E+1	7.93000000E+2	4.04900000E+0	4.04900000E+0	4.19856755E+0	1.76339837E+2	1.95850827E+2
9.60750000E+3	8.13715088E+1	-3.49260000E+5	-3.18483000E+5	2.10000000E+1	7.72000000E+2	4.04900000E+0	4.04900000E+0	5.18646579E+0	1.73623117E+2	1.90664362E+2
9.60775000E+3	8.13620885E+1	-3.50064000E+5	-3.19290000E+5	2.40000000E+1	7.12000000E+2	4.04900000E+0	4.04900000E+0	5.92738948E+0	1.58557669E+2	1.75845888E+2
9.60800000E+3	8.13526784E+1	-3.50867000E+5	-3.20096000E+5	2.30000000E+1	6.97000000E+2	4.05000000E+0	4.05000000E+0	5.67901235E+0	1.55308642E+2	1.72098765E+2
9.60825000E+3	8.13432785E+1	-3.51669000E+5	-3.20901000E+5	1.10000000E+1	7.27000000E+2	4.05000000E+0	4.05000000E+0	2.71604938E+0	1.59259259E+2	1.79506173E+2
9.60850000E+3	8.13338888E+1	-3.52469000E+5	-3.21705000E+5	1.70000000E+1	6.99000000E+2	4.05000000E+0	4.05000000E+0	4.19753086E+0	1.56296296E+2	1.72592593E+2
9.60875000E+3	8.13245093E+1	-3.53269000E+5	-3.22508000E+5	2.10000000E+1	6.91000000E+2	4.04900000E+0	4.04900000E+0	5.18646579E+0	1.53371203E+2	1.70659422E+2
9.60900000E+3	8.13151399E+1	-3.54068000E+5	-3.23310000E+5	1.70000000E+1	7.42000000E+2	4.05000000E+0	4.05000000E+0	4.19753086E+0	1.65925926E+2	1.83209877E+2
9.60925000E+3	8.13057806E+1	-3.54866000E+5	-3.24112000E+5	2.30000000E+1	8.05000000E+2	4.05000000E+0	4.05000000E+0	5.67901235E+0	1.73827160E+2	1.98765432E+2
9.60950000E+3	8.12964314E+1	-3.55663000E+5	-3.24912000E+5	2.10000000E+1	7.18000000E+2	4.05000000E+0	4.05000000E+0	5.18518519E+0	1.61728395E+2	1.77283951E+2
9.60975000E+3	8.12870922E+1	-3.56459000E+5	-3.25711000E+5	1.80000000E+1	6.97000000E+2	4.05000000E+0	4.05000000E+0	4.44444444E+0	1.56543210E+2	1.72098765E+2
9.61000000E+3	8.12777631E+1	-3.57255000E+5	-3.26510000E+5	1.80000000E+1	8.00000000E+2	4.04900000E+0	4.04900000E+0	4.44554211E+0	1.75351939E+2	1.97579649E+2
9.61025000E+3	8.12684439E+1	-3.58049000E+5	-3.27307000E+5	1.40000000E+1	7.66000000E+2	4.04900000E+0	4.04900000E+0	3.45764386E+0	1.73623117E+2	1.89182514E+2
9.61050000E+3	8.12591347E+1	-3.58842000E+5	-3.28104000E+5	1.80000000E+1	7.42000000E+2	4.05000000E+0	4.05000000E+0	4.44444444E+0	1.68148148E+2	1.83209877E+2
9.61075000E+3	8.12498353E+1	-3.59634000E+5	-3.28899000E+5	2.30000000E+1	7.58000000E+2	4.05000000E+0	4.05000000E+0	5.67901235E+0	1.66913580E+2	1.87160494E+2
9.61100000E+3	8.12405459E+1	-3.60426000E+5	-3.29694000E+5	1.70000000E+1	7.99000000E+2	4.05000000E+0	4.05000000E+0	4.19753086E+0	1.80000000E+2	1.97283951E+2
9.61125000E+3	8.12312663E+1	-3.61216000E+5	-3.30487000E+5	1.30000000E+1	7.67000000E+2	4.05000000E+0	4.05000000E+0	3.20987654E+0	1.73333333E+2	1.89382716E+2
9.61150000E+3	8.12219966E+1	-3.62006000E+5	-3.31280000E+5	7.00000000E+0	7.76000000E+2	4.04800000E+0	4.04800000E+0	1.72924901E+0	1.73418972E+2	1.91699605E+2
9.61175000E+3	8.12127366E+1	-3.62795000E+5	-3.32072000E+5	1.50000000E+1	7.00000000E+2	4.04900000E+0	4.04900000E+0	3.70461842E+0	1.57322796E+2	1.72882193E+2
9.61200000E+3	8.12034864E+1	-3.63582000E+5	-3.32863000E+5	2.10000000E+1	7.64000000E+2	4.04900000E+0	4.04900000E+0	5.18646579E+0	1.68189676E+2	1.88688565E+2
9.61225000E+3	8.11942460E+1	-3.64369000E+5	-3.33653000E+5	1.90000000E+1	7.15000000E+2	4.05000000E+0	4.05000000E+0	4.69135802E+0	1.61975309E+2	1.76543210E+2
9.61250000E+3	8.11850152E+1	-3.65155000E+5	-3.34442000E+5	1.60000000E+1	7.43000000E+2	4.04900000E+0	4.04900000E+0	3.95159299E+0	1.63991109E+2	1.83502099E+2
9.61275000E+3	8.11757941E+1	-3.65940000E+5	-3.35231000E+5	1.30000000E+1	7.30000000E+2	4.04900000E+0	4.04900000E+0	3.21066930E+0	1.63744134E+2	1.80291430E+2
9.61300000E+3	8.11665827E+1	-3.66724000E+5	-3.36018000E+5	1.20000000E+1	7.44000000E+2	4.05000000E+0	4.05000000E+0	2.96296296E+0	1.66666667E+2	1.83703704E+2
9.61325000E+3	8.11573809E+1	-3.67508000E+5	-3.36804000E+5	2.70000000E+1	7.85000000E+2	4.05000000E+0	4.05000000E+0	6.66666667E+0	1.71111111E+2	1.93827160E+2
9.61350000E+3	8.11481887E+1	-3.68290000E+5	-3.37590000E+5	1.20000000E+1	7.62000000E+2	4.04900000E+0	4.04900000E+0	2.96369474E+0	1.66213880E+2	1.88194616E+2
9.61375000E+3	8.11390061E+1	-3.69071000E+5	-3.38375000E+5	2.90000000E+1	7.37000000E+2	4.05000000E+0	4.05000000E+0	7.16049383E+0	1.66172840E+2	1.81975309E+2
9.61400000E+3	8.11298329E+1	-3.69852000E+5	-3.39158000E+5	1.30000000E+1	7.37000000E+2	4.05000000E+0	4.05000000E+0	3.20987654E+0	1.62469136E+2	1.81975309E+2
9.61425000E+3	8.11206693E+1	-3.70631000E+5	-3.39941000E+5	1.30000000E+1	7.51000000E+2	4.04900000E+0	4.04900000E+0	3.21066930E+0	1.66460855E+2	1.85477896E+2
9.61450000E+3	8.11115152E+1	-3.71410000E+5	-3.40723000E+5	2.10000000E+1	7.62000000E+2	4.05100000E+0	4.05100000E+0	5.18390521E+0	1.71315725E+2	1.88101703E+2
9.61475000E+3	8.11023705E+1	-3.72188000E+5	-3.41504000E+5	1.50000000E+1	7.85000000E+2	4.05000000E+0	4.05000000E+0	3.70370370E+0	1.75061728E+2	1.93827160E+2
9.61500000E+3	8.10932352E+1	-3.72965000E+5	-3.42284000E+5	1.90000000E+1	7.65000000E+2	4.05000000E+0	4.05000000E+0	4.69135802E+0	1.71604938E+2	1.88888889E+2
9.61525000E+3	8.10841094E+1	-3.73741000E+5	-3.43064000E+5	1.60000000E+1	7.38000000E+2	4.05000000E+0	4.05000000E+0	3.95061728E+0	1.66666667E+2	1.82222222E+2
9.61550000E+3	8.10749928E+1	-3.74516000E+5	-3.43842000E+5	2.00000000E+1	8.10000000E+2	4.04900000E+0	4.04900000E+0	4.93949123E+0	1.80291430E+2	2.00049395E+2
9.61575000E+3	8.10658857E+1	-3.75291000E+5	-3.44620000E+5	1.40000000E+1	7.69000000E+2	4.05000000E+0	4.05000000E+0	3.45679012E+0	1.68641975E+2	1.89876543E+2
9.61600000E+3	8.10567878E+1	-3.76064000E+5	-3.45396000E+5	1.30000000E+1	7.47000000E+2	4.05000000E+0	4.05000000E+0	3.20987654E+0	1.63703704E+2	1.84444444E+2
9.61625000E+3	8.10476992E+1	-3.76837000E+5	-3.46172000E+5	9.00000000E+0	7.75000000E+2	4.05000000E+0	4.05000000E+0	2.22222222E+0	1.73827160E+2	1.91358025E+2
9.61650000E+3	8.10386199E+1	-3.77608000E+5	-3.46947000E+5	1.30000000E+1	7.63000000E+2	4.05000000E+0	4.05000000E+0	3.20987654E+0	1.72098765E+2	1.88395062E+2
9.61675000E+3	8.10295498E+1	-3.78379000E+5	-3.47721000E+5	1.10000000E+1	7.39000000E+2	4.05000000E+0	4.05000000E+0	2.71604938E+0	1.65185185E+2	1.82469136E+2
9.61700000E+3	8.10204889E+1	-3.79149000E+5	-3.48494000E+5	1.20000000E+1	7.79000000E+2	4.05000000E+0	4.05000000E+0	2.96296296E+0	1.74814815E+2	1.92345679E+2
9.61725000E+3	8.10114372E+1	-3.79918000E+5	-3.49267000E+5	1.20000000E+1	8.07000000E+2	4.05100000E+0	4.05100000E+0	2.96223155E+0	1.80202419E+2	1.99210072E+2
9.61750000E+3	8.10023946E+1	-3.80687000E+5	-3.50038000E+5	1.10000000E+1	7.54000000E+2	4.04900000E+0	4.04900000E+0	2.71672018E+0	1.65472956E+2	1.86218819E+2
9.61775000E+3	8.09933612E+1	-3.81454000E+5	-3.50809000E+5	1.50000000E+1	7.42000000E+2	4.04900000E+0	4.04900000E+0	3.70461842E+0	1.65966905E+2	1.83255125E+2
9.61800000E+3	8.09843368E+1	-3.82221000E+5	-3.51578000E+5	1.10000000E+1	7.61000000E+2	4.05000000E+0	4.05000000E+0	2.71604938E+0	1.69382716E+2	1.87901235E+2
9.61825000E+3	8.09753215E+1	-3.82986000E+5	-3.52347000E+5	2.10000000E+1	7.62000000E+2	4.04900000E+0	4.04900000E+0	5.18646579E+0	1.70906397E+2	1.88194616E+2
9.61850000E+3	8.09663153E+1	-3.83751000E+5	-3.53115000E+5	1.30000000E+1	7.23000000E+2	4.05000000E+0	4.05000000E+0	3.20987654E+0	1.60246914E+2	1.78518519E+2
9.61875000E+3	8.09573180E+1	-3.84515000E+5	-3.53883000E+5	2.20000000E+1	7.57000000E+2	4.04800000E+0	4.04800000E+0	5.43478261E+0	1.70454545E+2	1.87005929E+2
9.61900000E+3	8.09483298E+1	-3.85278000E+5	-3.54649000E+5	1.20000000E+1	7.42000000E+2	4.04900000E+0	4.04900000E+0	2.96369474E+0	1.69671524E+2	1.83255125E+2
9.61925000E+3	8.09393505E+1	-3.86041000E+5	-3.55414000E+5	1.50000000E+1	7.64000000E+2	4.05000000E+0	4.05000000E+0	3.70370370E+0	1.67654321E+2	1.88641975E+2
9.61950000E+3	8.09303802E+1	-3.86802000E+5	-3.56179000E+5	1.40000000E+1	7.35000000E+2	4.05000000E+0	4.05000000E+0	3.45679012E+0	1.65925926E+2	1.81481481E+2
9.61975000E+3	8.09214188E+1	-3.87563000E+5	-3.56943000E+5	5.00000000E+0	7.34000000E+2	4.05000000E+0	4.05000000E+0	1.23456790E+0	1.65185185E+2	1.81234568E+2
9.62000000E+3	8.09124663E+1	-3.88323000E+5	-3.57706000E+5	1.30000000E+1	7.26000000E+2	4.05000000E+0	4.05000000E+0	3.20987654E+0	1.61234568E+2	1.79259259E+2
9.62025000E+3	8.09035226E+1	-3.89082000E+5	-3.58468000E+5	1.10000000E+1	7.35000000E+2	4.05000000E+0	4.05000000E+0	2.71604938E+0	1.65185185E+2	1.81481481E+2
9.62050000E+3	8.08945878E+1	-3.89840000E+5	-3.59230000E+5	8.00000000E+0	6.84000000E+2	4.05000000E+0	4.05000000E+0	1.97530864E+0	1.52839506E+2	1.68888889E+2
9.62075000E+3	8.08856617E+1	-3.90597000E+5	-3.59990000E+5	1.40000000E+1	7.66000000E+2	4.05000000E+0	4.05000000E+0	3.45679012E+0	1.67901235E+2	1.89135802E+2
9.62100000E+3	8.08767445E+1	-3.91354000E+5	-3.60750000E+5	1.60000000E+1	7.06000000E+2	4.05000000E+0	4.05000000E+0	3.95061728E+0	1.52345679E+2	1.74320988E+2
9.62125000E+3	8.08678360E+1	-3.92109000E+5	-3.61509000E+5	1.20000000E+1	7.73000000E+2	4.05000000E+0	4.05000000E+0	2.96296296E+0	1.70123457E+2	1.90864198E+2
9.62150000E+3	8.08589363E+1	-3.92864000E+5	-3.62267000E+5	1.50000000E+1	6.94000000E+2	4.05000000E+0	4.05000000E+0	3.70370370E+0	1.56296296E+2	1.71358025E+2
9.62175000E+3	8.08500453E+1	-3.93618000E+5	-3.63024000E+5	1.20000000E+1	7.56000000E+2	4.05000000E+0	4.05000000E+0	2.96296296E+0	1.66913580E+2	1.86666667E+2
9.62200000E+3	8.08411630E+1	-3.94371000E+5	-3.63780000E+5	1.80000000E+1	7.32000000E+2	4.04900000E+0	4.04900000E+0	4.44554211E+0	1.64238083E+2	1.80785379E+2
9.62225000E+3	8.08322893E+1	-3.95124000E+5	-3.64536000E+5	1.50000000E+1	7.49000000E+2	4.05000000E+0	4.05000000E+0	3.70370370E+0	1.65185185E+2	1.84938272E+2
9.62250000E+3	8.08234243E+1	-3.95875000E+5	-3.65291000E+5	1.20000000E+1	7.48000000E+2	4.05000000E+0	4.05000000E+0	2.96296296E+0	1.60987654E+2	1.84691358E+2
9.62275000E+3	8.08145679E+1	-3.96626000E+5	-3.66045000E+5	1.10000000E+1	7.44000000E+2	4.04800000E+0	4.04800000E+0	2.71739130E+0	1.66501976E+2	1.83794466E+2
9.62300000E+3	8.08057201E+1	-3.97376000E+5	-3.66798000E+5	9.00000000E+0	7.52000000E+2	4.05000000E+0	4.05000000E+0	2.22222222E+0	1.67901235E+2	1.85679012E+2
9.62325000E+3	8.07968809E+1	-3.98125000E+5	-3.67550000E+5	1.00000000E+1	7.30000000E+2	4.04900000E+0	4.04900000E+0	2.46974562E+0	1.63003211E+2	1.80291430E+2
9.62350000E+3	8.07880502E+1	-3.98873000E+5	-3.68302000E+5	1.10000000E+1	7.26000000E+2	4.04900000E+0	4.04900000E+0	2.71672018E+0	1.61768338E+2	1.79303532E+2
9.62375000E+3	8.07792280E+1	-3.99621000E+5	-3.69052000E+5	1.20000000E+1	7.49000000E+2	4.05000000E+0	4.05000000E+0	2.96296296E+0	1.63703704E+2	1.84938272E+2
9.62400000E+3	8.07704143E+1	-4.00368000E+5	-3.69802000E+5	1.30000000E+1	7.20000000E+2	4.04900000E+0	4.04900000E+0	3.21066930E+0	1.63991109E+2	1.77821684E+2
9.62425000E+3	8.07616091E+1	-4.01114000E+5	-3.70552000E+5	1.30000000E+1	6.99000000E+2	4.05000000E+0	4.05000000E+0	3.20987654E+0	1.54814815E+2	1.72592593E+2
9.62450000E+3	8.07528124E+1	-4.01859000E+5	-3.71300000E+5	1.20000000E+1	7.33000000E+2	4.05000000E+0	4.05000000E+0	2.96296296E+0	1.59753086E+2	1.80987654E+2
9.62475000E+3	8.07440241E+1	-4.02603000E+5	-3.72047000E+5	1.40000000E+1	7.42000000E+2	4.04900000E+0	4.04900000E+0	3.45764386E+0	1.63250185E+2	1.83255125E+2
9.62500000E+3	8.07352442E+1	-4.03347000E+5	-3.72794000E+5	1.30000000E+1	7.58000000E+2	4.04900000E+0	4.04900000E+0	3.21066930E+0	1.66213880E+2	1.87206718E+2
9.62525000E+3	8.07264726E+1	-4.04089000E+5	-3.73540000E+5	1.00000000E+1	7.44000000E+2	4.05000000E+0	4.05000000E+0	2.46913580E+0	1.61234568E+2	1.83703704E+2
9.62550000E+3	8.07177095E+1	-4.04831000E+5	-3.74285000E+5	1.00000000E+1	7.13000000E+2	4.05000000E+0	4.05000000E+0	2.46913580E+0	1.53827160E+2	1.76049383E+2
9.62575000E+3	8.07089546E+1	-4.05573000E+5	-3.75030000E+5	8.00000000E+0	7.20000000E+2	4.05000000E+0	4.05000000E+0	1.97530864E+0	1.60493827E+2	1.77777778E+2
9.62600000E+3	8.07002081E+1	-4.06313000E+5	-3.75773000E+5	8.00000000E+0	7.48000000E+2	4.05000000E+0	4.05000000E+0	1.97530864E+0	1.65925926E+2	1.84691358E+2
9.62625000E+3	8.06914699E+1	-4.07053000E+5	-3.76516000E+5	1.10000000E+1	7.42000000E+2	4.04900000E+0	4.04900000E+0	2.71672018E+0	1.68189676E+2	1.83255125E+2
9.62650000E+3	8.06827399E+1	-4.07792000E+5	-3.77258000E+5	8.00000000E+0	7.28000000E+2	4.05000000E+0	4.05000000E+0	1.97530864E+0	1.65185185E+2	1.79753086E+2
9.62675000E+3	8.06740182E+1	-4.08530000E+5	-3.78000000E+5	9.00000000E+0	6.71000000E+2	4.05000000E+0	4.05000000E+0	2.22222222E+0	1.47654321E+2	1.65679012E+2
9.62700000E+3	8.06653047E+1	-4.09267000E+5	-3.78740000E+5	1.50000000E+1	7.16000000E+2	4.05000000E+0	4.05000000E+0	3.70370370E+0	1.65432099E+2	1.76790123E+2
9.62725000E+3	8.06565994E+1	-4.10003000E+5	-3.79480000E+5	1.50000000E+1	7.62000000E+2	4.05000000E+0	4.05000000E+0	3.70370370E+0	1.69629630E+2	1.88148148E+2
9.62750000E+3	8.06479023E+1	-4.10739000E+5	-3.80219000E+5	1.70000000E+1	7.45000000E+2	4.05000000E+0	4.05000000E+0	4.19753086E+0	1.67654321E+2	1.83950617E+2
9.62775000E+3	8.06392133E+1	-4.11474000E+5	-3.80957000E+5	1.10000000E+1	6.81000000E+2	4.04900000E+0	4.04900000E+0	2.71672018E+0	1.48678686E+2	1.68189676E+2
9.62800000E+3	8.06305325E+1	-4.12208000E+5	-3.81694000E+5	1.40000000E+1	7.42000000E+2	4.04900000E+0	4.04900000E+0	3.45764386E+0	1.63250185E+2	1.83255125E+2
9.62825000E+3	8.06218598E+1	-4.12942000E+5	-3.82431000E+5	1.20000000E+1	6.80000000E+2	4.05000000E+0	4.05000000E+0	2.96296296E+0	1.48148148E+2	1.67901235E+2
9.62850000E+3	8.06131952E+1	-4.13675000E+5	-3.83167000E+5	1.20000000E+1	7.24000000E+2	4.05000000E+0	4.05000000E+0	2.96296296E+0	1.59259259E+2	1.78765432E+2
9.62875000E+3	8.06045387E+1	-4.14407000E+5	-3.83902000E+5	1.30000000E+1	7.52000000E+2	4.05000000E+0	4.05000000E+0	3.20987654E+0	1.64444444E+2	1.85679012E+2
9.62900000E+3	8.05958902E+1	-4.15138000E+5	-3.84636000E+5	1.00000000E+1	7.41000000E+2	4.05000000E+0	4.05000000E+0	2.46913580E+0	1.62716049E+2	1.82962963E+2
9.62925000E+3	8.05872497E+1	-4.15868000E+5	-3.85370000E+5	9.00000000E+0	6.66000000E+2	4.05000000E+0	4.05000000E+0	2.22222222E+0	1.43456790E+2	1.64444444E+2
9.62950000E+3	8.05786173E+1	-4.16598000E+5	-3.86103000E+5	1.10000000E+1	6.92000000E+2	4.04900000E+0	4.04900000E+0	2.71672018E+0	1.50654483E+2	1.70906397E+2
9.62975000E+3	8.05699928E+1	-4.17327000E+5	-3.86835000E+5	1.20000000E+1	6.90000000E+2	4.05000000E+0	4.05000000E+0	2.96296296E+0	1.52098765E+2	1.70370370E+2
9.63000000E+3	8.05613763E+1	-4.18055000E+5	-3.87566000E+5	1.09000000E+2	6.98700000E+3	4.00500000E+1	4.00460000E+1	2.72186985E+0	1.57303371E+2	1.74456929E+2
9.63025000E+3	8.05527677E+1	-4.18782000E+5	-3.88297000E+5	1.22000000E+2	7.05000000E+3	4.00500000E+1	4.00460000E+1	3.04649653E+0	1.58526841E+2	1.76029963E+2
9.63050000E+3	8.05441671E+1	-4.19509000E+5	-3.89027000E+5	1.06000000E+2	6.99800000E+3	4.00500000E+1	4.00460000E+1	2.64695600E+0	1.56978777E+2	1.74731586E+2
9.63075000E+3	8.05355743E+1	-4.20235000E+5	-3.89756000E+5	9.70000000E+1	6.92200000E+3	4.00500000E+1	4.00460000E+1	2.42221445E+0	1.55081149E+2	1.72833958E+2
9.63100000E+3	8.05269895E+1	-4.20960000E+5	-3.90484000E+5	1.20000000E+2	6.92900000E+3	4.00510000E+1	4.00470000E+1	2.99647914E+0	1.54627849E+2	1.73004419E+2
9.63125000E+3	8.05184125E+1	-4.21685000E+5	-3.91212000E+5	1.32000000E+2	6.95900000E+3	4.00510000E+1	4.00470000E+1	3.29612705E+0	1.56425557E+2	1.73753464E+2
9.63150000E+3	8.05098433E+1	-4.22408000E+5	-3.91939000E+5	1.17000000E+2	6.81200000E+3	4.00510000E+1	4.00470000E+1	2.92156716E+0	1.53978677E+2	1.70083144E+2
9.63175000E+3	8.05012820E+1	-4.23131000E+5	-3.92665000E+5	1.13000000E+2	6.82100000E+3	4.00490000E+1	4.00450000E+1	2.82182545E+0	1.53586856E+2	1.70316362E+2
9.63200000E+3	8.04927285E+1	-4.23853000E+5	-3.93391000E+5	1.21000000E+2	6.90800000E+3	4.00510000E+1	4.00470000E+1	3.02144980E+0	1.53803900E+2	1.72480088E+2
9.63225000E+3	8.04841827E+1	-4.24575000E+5	-3.94115000E+5	1.14000000E+2	6.87200000E+3	4.00500000E+1	4.00460000E+1	2.84672626E+0	1.54082397E+2	1.71585518E+2
9.63250000E+3	8.04756447E+1	-4.25296000E+5	-3.94839000E+5	1.24000000E+2	6.81600000E+3	4.00500000E+1	4.00460000E+1	3.09643910E+0	1.53208489E+2	1.70187266E+2
9.63275000E+3	8.04671144E+1	-4.26016000E+5	-3.95562000E+5	1.13000000E+2	6.73500000E+3	4.00500000E+1	4.00460000E+1	2.82175498E+0	1.50162297E+2	1.68164794E+2
9.63300000E+3	8.04585919E+1	-4.26735000E+5	-3.96285000E+5	9.90000000E+1	6.89200000E+3	4.00510000E+1	4.00470000E+1	2.47209529E+0	1.54777658E+2	1.72080597E+2
9.63325000E+3	8.04500770E+1	-4.27454000E+5	-3.97007000E+5	1.05000000E+2	6.82200000E+3	4.00500000E+1	4.00460000E+1	2.62198472E+0	1.52259675E+2	1.70337079E+2
9.63350000E+3	8.04415699E+1	-4.28171000E+5	-3.97728000E+5	1.20000000E+2	6.92400000E+3	4.00510000E+1	4.00470000E+1	2.99647914E+0	1.54577913E+2	1.72879579E+2
9.63375000E+3	8.04330703E+1	-4.28889000E+5	-3.98448000E+5	1.06000000E+2	6.68500000E+3	4.00510000E+1	4.00470000E+1	2.64688990E+0	1.49609248E+2	1.66912187E+2
9.63400000E+3	8.04245785E+1	-4.29605000E+5	-3.99168000E+5	1.04000000E+2	6.87800000E+3	4.00500000E+1	4.00460000E+1	2.59701343E+0	1.53632959E+2	1.71735331E+2
9.63425000E+3	8.04160942E+1	-4.30321000E+5	-3.99886000E+5	1.14000000E+2	6.90100000E+3	4.00500000E+1	4.00460000E+1	2.84672626E+0	1.53932584E+2	1.72309613E+2
9.63450000E+3	8.04076176E+1	-4.31036000E+5	-4.00605000E+5	1.19000000E+2	6.86900000E+3	4.00500000E+1	4.00450000E+1	2.97165689E+0	1.53408240E+2	1.71510612E+2
9.63475000E+3	8.03991485E+1	-4.31750000E+5	-4.01322000E+5	1.21000000E+2	6.77300000E+3	4.00510000E+1	4.00470000E+1	3.02144980E+0	1.49983771E+2	1.69109386E+2
9.63500000E+3	8.03906870E+1	-4.32463000E+5	-4.02039000E+5	9.60000000E+1	6.79900000E+3	4.00500000E+1	4.00460000E+1	2.39724317E+0	1.51660424E+2	1.69762797E+2
9.63525000E+3	8.03822330E+1	-4.33176000E+5	-4.02755000E+5	9.80000000E+1	6.77900000E+3	4.00500000E+1	4.00460000E+1	2.44718574E+0	1.51910112E+2	1.69263421E+2
9.63550000E+3	8.03737865E+1	-4.33888000E+5	-4.03470000E+5	1.01000000E+2	6.64400000E+3	4.00510000E+1	4.00470000E+1	2.52203661E+0	1.47561859E+2	1.65888492E+2
9.63575000E+3	8.03653476E+1	-4.34600000E+5	-4.04185000E+5	9.80000000E+1	6.73100000E+3	4.00500000E+1	4.00460000E+1	2.44718574E+0	1.49538077E+2	1.68064919E+2
9.63600000E+3	8.03569161E+1	-4.35310000E+5	-4.04899000E+5	9.60000000E+1	6.71900000E+3	4.00500000E+1	4.00460000E+1	2.39724317E+0	1.49687890E+2	1.67765293E+2
9.63625000E+3	8.03484921E+1	-4.36020000E+5	-4.05612000E+5	1.25000000E+2	6.64500000E+3	4.00510000E+1	4.00470000E+1	3.12133243E+0	1.47936381E+2	1.65913460E+2
9.63650000E+3	8.03400756E+1	-4.36730000E+5	-4.06324000E+5	9.80000000E+1	6.75500000E+3	4.00510000E+1	4.00470000E+1	2.44712463E+0	1.50108612E+2	1.68659959E+2
9.63675000E+3	8.03316665E+1	-4.37438000E+5	-4.07036000E+5	1.12000000E+2	6.62500000E+3	4.00500000E+1	4.00460000E+1	2.79678370E+0	1.47665418E+2	1.65418227E+2
9.63700000E+3	8.03232648E+1	-4.38146000E+5	-4.07747000E+5	1.23000000E+2	6.76800000E+3	4.00490000E+1	4.00450000E+1	3.07154451E+0	1.50290894E+2	1.68992984E+2
9.63725000E+3	8.03148704E+1	-4.38853000E+5	-4.08458000E+5	1.18000000E+2	6.53000000E+3	4.00510000E+1	4.00470000E+1	2.94653782E+0	1.45289756E+2	1.63042121E+2
9.63750000E+3	8.03064835E+1	-4.39560000E+5	-4.09167000E+5	1.16000000E+2	6.67800000E+3	4.00510000E+1	4.00470000E+1	2.89659650E+0	1.48510649E+2	1.66737410E+2
9.63775000E+3	8.02981039E+1	-4.40266000E+5	-4.09876000E+5	1.17000000E+2	6.62500000E+3	4.00500000E+1	4.00460000E+1	2.92164011E+0	1.47840200E+2	1.65418227E+2
9.63800000E+3	8.02897316E+1	-4.40971000E+5	-4.10584000E+5	1.04000000E+2	6.70500000E+3	4.00510000E+1	4.00470000E+1	2.59694859E+0	1.48410776E+2	1.67411550E+2
9.63825000E+3	8.02813667E+1	-4.41675000E+5	-4.11292000E+5	1.08000000E+2	6.58300000E+3	4.00500000E+1	4.00460000E+1	2.69689857E+0	1.47041199E+2	1.64369538E+2
9.63850000E+3	8.02730090E+1	-4.42379000E+5	-4.11999000E+5	1.05000000E+2	6.56100000E+3	4.00500000E+1	4.00460000E+1	2.62198472E+0	1.46766542E+2	1.63820225E+2
9.63875000E+3	8.02646587E+1	-4.43082000E+5	-4.12705000E+5	1.09000000E+2	6.41700000E+3	4.00510000E+1	4.00470000E+1	2.72180188E+0	1.43841602E+2	1.60220719E+2
9.63900000E+3	8.02563156E+1	-4.43784000E+5	-4.13411000E+5	1.12000000E+2	6.66400000E+3	4.00510000E+1	4.00470000E+1	2.79671386E+0	1.48835235E+2	1.66387855E+2
9.63925000E+3	8.02479797E+1	-4.44486000E+5	-4.14116000E+5	8.70000000E+1	6.54400000E+3	4.00510000E+1	4.00470000E+1	2.17244737E+0	1.45489501E+2	1.63391676E+2
9.63950000E+3	8.02396511E+1	-4.45187000E+5	-4.14820000E+5	1.20000000E+2	6.67800000E+3	4.00500000E+1	4.00460000E+1	2.99655396E+0	1.48614232E+2	1.66741573E+2
9.63975000E+3	8.02313296E+1	-4.45887000E+5	-4.15523000E+5	9.90000000E+1	6.53400000E+3	4.00500000E+1	4.00470000E+1	2.47209529E+0	1.46666667E+2	1.63146067E+2
9.64000000E+3	8.02230154E+1	-4.46587000E+5	-4.16226000E+5	1.30000000E+2	6.57200000E+3	4.00500000E+1	4.00470000E+1	3.24618573E+0	1.45742821E+2	1.64094881E+2
9.64025000E+3	8.02147084E+1	-4.47286000E+5	-4.16928000E+5	1.06000000E+2	6.48700000E+3	4.00500000E+1	4.00460000E+1	2.64695600E+0	1.44843945E+2	1.61972534E+2
9.64050000E+3	8.02064085E+1	-4.47984000E+5	-4.17630000E+5	1.14000000E+2	6.58900000E+3	4.00510000E+1	4.00470000E+1	2.84665518E+0	1.46038801E+2	1.64515243E+2
9.64075000E+3	8.01981157E+1	-4.48682000E+5	-4.18330000E+5	1.27000000E+2	6.55000000E+3	4.00500000E+1	4.00460000E+1	3.17135294E+0	1.46691635E+2	1.63545568E+2
9.64100000E+3	8.01898300E+1	-4.49378000E+5	-4.19031000E+5	1.17000000E+2	6.58900000E+3	4.00500000E+1	4.00460000E+1	2.92164011E+0	1.47940075E+2	1.64519351E+2
9.64125000E+3	8.01815515E+1	-4.50075000E+5	-4.19730000E+5	1.09000000E+2	6.53400000E+3	4.00500000E+1	4.00460000E+1	2.72186985E+0	1.45518102E+2	1.63146067E+2
9.64150000E+3	8.01732800E+1	-4.50770000E+5	-4.20429000E+5	9.10000000E+1	6.44300000E+3	4.00510000E+1	4.00470000E+1	2.27233001E+0	1.43217398E+2	1.60869891E+2
9.64175000E+3	8.01650157E+1	-4.51465000E+5	-4.21127000E+5	1.23000000E+2	6.58300000E+3	4.00500000E+1	4.00460000E+1	3.07146781E+0	1.46741573E+2	1.64369538E+2
9.64200000E+3	8.01567583E+1	-4.52159000E+5	-4.21824000E+5	1.11000000E+2	6.58100000E+3	4.00500000E+1	4.00460000E+1	2.77181242E+0	1.46816479E+2	1.64319600E+2
9.64225000E+3	8.01485080E+1	-4.52853000E+5	-4.22521000E+5	1.20000000E+2	6.61300000E+3	4.00500000E+1	4.00460000E+1	2.99655396E+0	1.46766542E+2	1.65118602E+2
9.64250000E+3	8.01402647E+1	-4.53546000E+5	-4.23217000E+5	1.13000000E+2	6.44000000E+3	4.00500000E+1	4.00460000E+1	2.82175498E+0	1.44069913E+2	1.60799001E+2
9.64275000E+3	8.01320284E+1	-4.54238000E+5	-4.23913000E+5	1.09000000E+2	6.60500000E+3	4.00510000E+1	4.00470000E+1	2.72180188E+0	1.47536890E+2	1.64914734E+2
9.64300000E+3	8.01237991E+1	-4.54930000E+5	-4.24607000E+5	1.04000000E+2	6.44700000E+3	4.00500000E+1	4.00460000E+1	2.59701343E+0	1.42322097E+2	1.60973783E+2
9.64325000E+3	8.01155768E+1	-4.55621000E+5	-4.25301000E+5	1.03000000E+2	6.41900000E+3	4.00510000E+1	4.00470000E+1	2.57197793E+0	1.42643130E+2	1.60270655E+2
9.64350000E+3	8.01073614E+1	-4.56311000E+5	-4.25995000E+5	1.01000000E+2	6.25800000E+3	4.00500000E+1	4.00460000E+1	2.52209959E+0	1.40074906E+2	1.56254682E+2
9.64375000E+3	8.00991530E+1	-4.57001000E+5	-4.26688000E+5	1.29000000E+2	6.33100000E+3	4.00510000E+1	4.00470000E+1	3.22121507E+0	1.40420963E+2	1.58073456E+2
9.64400000E+3	8.00909514E+1	-4.57689000E+5	-4.27380000E+5	9.90000000E+1	6.39200000E+3	4.00500000E+1	4.00460000E+1	2.47215702E+0	1.41398252E+2	1.59600499E+2
9.64425000E+3	8.00827568E+1	-4.58378000E+5	-4.28071000E+5	1.20000000E+2	6.28900000E+3	4.00510000E+1	4.00480000E+1	2.99640431E+0	1.40371027E+2	1.57024793E+2
9.64450000E+3	8.00745690E+1	-4.59065000E+5	-4.28762000E+5	1.13000000E+2	6.34900000E+3	4.00500000E+1	4.00470000E+1	2.82168452E+0	1.40299625E+2	1.58526841E+2
9.64475000E+3	8.00663881E+1	-4.59752000E+5	-4.29452000E+5	1.21000000E+2	6.38200000E+3	4.00490000E+1	4.00450000E+1	3.02160070E+0	1.42200804E+2	1.59354790E+2
9.64500000E+3	8.00582141E+1	-4.60439000E+5	-4.30142000E+5	9.80000000E+1	6.49000000E+3	4.00500000E+1	4.00460000E+1	2.44718574E+0	1.45193508E+2	1.62047441E+2
9.64525000E+3	8.00500469E+1	-4.61124000E+5	-4.30831000E+5	9.60000000E+1	6.34600000E+3	4.00500000E+1	4.00460000E+1	2.39724317E+0	1.40074906E+2	1.58451935E+2
9.64550000E+3	8.00418865E+1	-4.61809000E+5	-4.31519000E+5	1.21000000E+2	6.23700000E+3	4.00500000E+1	4.00470000E+1	3.02144980E+0	1.38851436E+2	1.55730337E+2
9.64575000E+3	8.00337329E+1	-4.62494000E+5	-4.32207000E+5	1.02000000E+2	6.43600000E+3	4.00500000E+1	4.00470000E+1	2.54700727E+0	1.43320849E+2	1.60699126E+2
9.64600000E+3	8.00255861E+1	-4.63178000E+5	-4.32893000E+5	1.12000000E+2	6.33100000E+3	4.00500000E+1	4.00470000E+1	2.79671386E+0	1.40749064E+2	1.58077403E+2
9.64625000E+3	8.00174461E+1	-4.63861000E+5	-4.33580000E+5	1.09000000E+2	6.25900000E+3	4.00520000E+1	4.00480000E+1	2.72173392E+0	1.39543593E+2	1.56271847E+2
9.64650000E+3	8.00093128E+1	-4.64543000E+5	-4.34265000E+5	1.17000000E+2	6.20500000E+3	4.00500000E+1	4.00470000E+1	2.92156716E+0	1.38451935E+2	1.54931336E+2
9.64675000E+3	8.00011863E+1	-4.65225000E+5	-4.34950000E+5	1.19000000E+2	6.26500000E+3	4.00510000E+1	4.00470000E+1	2.97150848E+0	1.38448478E+2	1.56425557E+2
9.64700000E+3	7.99930665E+1	-4.65906000E+5	-4.35635000E+5	1.13000000E+2	6.39200000E+3	4.00500000E+1	4.00470000E+1	2.82168452E+0	1.41023720E+2	1.59600499E+2
9.64725000E+3	7.99849534E+1	-4.66587000E+5	-4.36319000E+5	1.04000000E+2	6.15600000E+3	4.00500000E+1	4.00460000E+1	2.59701343E+0	1.36379526E+2	1.53707865E+2
9.64750000E+3	7.99768469E+1	-4.67267000E+5	-4.37002000E+5	1.15000000E+2	6.28300000E+3	4.00510000E+1	4.00470000E+1	2.87162584E+0	1.39896632E+2	1.56874984E+2
9.64775000E+3	7.99687472E+1	-4.67946000E+5	-4.37684000E+5	1.22000000E+2	6.20800000E+3	4.00510000E+1	4.00470000E+1	3.04642046E+0	1.38423510E+2	1.55002372E+2
9.64800000E+3	7.99606541E+1	-4.68625000E+5	-4.38366000E+5	1.00000000E+2	6.30300000E+3	4.00510000E+1	4.00470000E+1	2.49706595E+0	1.40920327E+2	1.57374348E+2
9.64825000E+3	7.99525676E+1	-4.69303000E+5	-4.39047000E+5	1.01000000E+2	6.22800000E+3	4.00510000E+1	4.00480000E+1	2.52197363E+0	1.38872937E+2	1.55501735E+2
9.64850000E+3	7.99444878E+1	-4.69980000E+5	-4.39728000E+5	9.30000000E+1	6.23500000E+3	4.00500000E+1	4.00470000E+1	2.32227133E+0	1.38626717E+2	1.55680400E+2
9.64875000E+3	7.99364146E+1	-4.70657000E+5	-4.40408000E+5	1.10000000E+2	6.09500000E+3	4.00510000E+1	4.00470000E+1	2.74677254E+0	1.35751916E+2	1.52180969E+2
9.64900000E+3	7.99283480E+1	-4.71333000E+5	-4.41087000E+5	1.11000000E+2	6.11700000E+3	4.00500000E+1	4.00470000E+1	2.77174320E+0	1.35181024E+2	1.52734082E+2
9.64925000E+3	7.99202880E+1	-4.72009000E+5	-4.41766000E+5	1.05000000E+2	6.33400000E+3	4.00500000E+1	4.00460000E+1	2.62198472E+0	1.40624220E+2	1.58152310E+2
9.64950000E+3	7.99122345E+1	-4.72684000E+5	-4.42444000E+5	9.40000000E+1	6.04400000E+3	4.00500000E+1	4.00460000E+1	2.34730060E+0	1.33433208E+2	1.50911361E+2
9.64975000E+3	7.99041876E+1	-4.73358000E+5	-4.43122000E+5	9.40000000E+1	6.07900000E+3	4.00500000E+1	4.00460000E+1	2.34730060E+0	1.35280899E+2	1.51785268E+2
9.65000000E+3	7.98961472E+1	-4.74032000E+5	-4.43798000E+5	1.12000000E+2	6.01400000E+3	4.00510000E+1	4.00480000E+1	2.79664403E+0	1.34703253E+2	1.50158548E+2
9.65025000E+3	7.98881134E+1	-4.74705000E+5	-4.44475000E+5	9.50000000E+1	6.21600000E+3	4.00500000E+1	4.00460000E+1	2.37227189E+0	1.38252185E+2	1.55205993E+2
9.65050000E+3	7.98800860E+1	-4.75377000E+5	-4.45150000E+5	1.16000000E+2	6.27600000E+3	4.00500000E+1	4.00470000E+1	2.89659650E+0	1.38426966E+2	1.56704120E+2
9.65075000E+3	7.98720652E+1	-4.76049000E+5	-4.45825000E+5	1.06000000E+2	6.09800000E+3	4.00500000E+1	4.00470000E+1	2.64688990E+0	1.36204744E+2	1.52259675E+2
9.65100000E+3	7.98640508E+1	-4.76720000E+5	-4.46500000E+5	1.13000000E+2	6.25900000E+3	4.00500000E+1	4.00460000E+1	2.82175498E+0	1.38501873E+2	1.56279650E+2
9.65125000E+3	7.98560429E+1	-4.77391000E+5	-4.47173000E+5	1.03000000E+2	5.98800000E+3	4.00500000E+1	4.00470000E+1	2.57197793E+0	1.32259675E+2	1.49513109E+2
9.65150000E+3	7.98480414E+1	-4.78061000E+5	-4.47847000E+5	1.09000000E+2	5.88800000E+3	4.00490000E+1	4.00460000E+1	2.72186985E+0	1.30515119E+2	1.47019901E+2
9.65175000E+3	7.98400464E+1	-4.78730000E+5	-4.48519000E+5	1.18000000E+2	6.02600000E+3	4.00500000E+1	4.00470000E+1	2.94653782E+0	1.33807740E+2	1.50461923E+2
9.65200000E+3	7.98320577E+1	-4.79399000E+5	-4.49191000E+5	1.15000000E+2	6.00700000E+3	4.00510000E+1	4.00470000E+1	2.87162584E+0	1.34528476E+2	1.49983771E+2
9.65225000E+3	7.98240755E+1	-4.80067000E+5	-4.49862000E+5	9.70000000E+1	5.94700000E+3	4.00500000E+1	4.00470000E+1	2.42215397E+0	1.33233458E+2	1.48489388E+2
9.65250000E+3	7.98160997E+1	-4.80735000E+5	-4.50533000E+5	1.23000000E+2	6.07500000E+3	4.00500000E+1	4.00470000E+1	3.07139112E+0	1.35031211E+2	1.51685393E+2
9.65275000E+3	7.98081302E+1	-4.81402000E+5	-4.51203000E+5	1.16000000E+2	6.10200000E+3	4.00500000E+1	4.00460000E+1	2.89666883E+0	1.35605493E+2	1.52359551E+2
9.65300000E+3	7.98001671E+1	-4.82068000E+5	-4.51873000E+5	1.19000000E+2	6.04200000E+3	4.00520000E+1	4.00490000E+1	2.97136008E+0	1.34425247E+2	1.50853890E+2
9.65325000E+3	7.97922103E+1	-4.82734000E+5	-4.52542000E+5	1.15000000E+2	5.99900000E+3	4.00500000E+1	4.00460000E+1	2.87169755E+0	1.34781523E+2	1.49787765E+2
9.65350000E+3	7.97842599E+1	-4.83399000E+5	-4.53210000E+5	1.06000000E+2	6.07500000E+3	4.00500000E+1	4.00460000E+1	2.64695600E+0	1.36354557E+2	1.51685393E+2
9.65375000E+3	7.97763158E+1	-4.84063000E+5	-4.53878000E+5	1.19000000E+2	5.90000000E+3	4.00500000E+1	4.00460000E+1	2.97158268E+0	1.31235955E+2	1.47315855E+2
9.65400000E+3	7.97683780E+1	-4.84727000E+5	-4.54545000E+5	1.38000000E+2	5.93200000E+3	4.00500000E+1	4.00470000E+1	3.44595101E+0	1.32684145E+2	1.48114856E+2
9.65425000E+3	7.97604465E+1	-4.85391000E+5	-4.55211000E+5	1.16000000E+2	5.96000000E+3	4.00520000E+1	4.00490000E+1	2.89645185E+0	1.32128233E+2	1.48806551E+2
9.65450000E+3	7.97525212E+1	-4.86053000E+5	-4.55877000E+5	1.09000000E+2	5.98400000E+3	4.00500000E+1	4.00460000E+1	2.72186985E+0	1.32958801E+2	1.49413233E+2
9.65475000E+3	7.97446022E+1	-4.86716000E+5	-4.56543000E+5	1.09000000E+2	5.96800000E+3	4.00500000E+1	4.00460000E+1	2.72186985E+0	1.32434457E+2	1.49013733E+2
9.65500000E+3	7.97366895E+1	-4.87377000E+5	-4.57207000E+5	1.21000000E+2	5.92000000E+3	4.00510000E+1	4.00480000E+1	3.02137435E+0	1.31632169E+2	1.47811540E+2
9.65525000E+3	7.97287830E+1	-4.88038000E+5	-4.57872000E+5	1.26000000E+2	5.81300000E+3	4.00500000E+1	4.00460000E+1	3.14638166E+0	1.28963795E+2	1.45143571E+2
9.65550000E+3	7.97208827E+1	-4.88698000E+5	-4.58535000E+5	1.27000000E+2	5.89100000E+3	4.00510000E+1	4.00480000E+1	3.17119457E+0	1.31007965E+2	1.47087463E+2
9.65575000E+3	7.97129886E+1	-4.89358000E+5	-4.59198000E+5	1.31000000E+2	5.95000000E+3	4.00500000E+1	4.00470000E+1	3.27115639E+0	1.31585518E+2	1.48564295E+2
9.65600000E+3	7.97051007E+1	-4.90017000E+5	-4.59861000E+5	1.20000000E+2	6.04800000E+3	4.00500000E+1	4.00470000E+1	2.99647914E+0	1.35455680E+2	1.51011236E+2
9.65625000E+3	7.96972189E+1	-4.90676000E+5	-4.60522000E+5	1.31000000E+2	5.95000000E+3	4.00510000E+1	4.00470000E+1	3.27115639E+0	1.32980450E+2	1.48560585E+2
9.65650000E+3	7.96893434E+1	-4.91334000E+5	-4.61184000E+5	1.27000000E+2	5.79700000E+3	4.00510000E+1	4.00470000E+1	3.17127375E+0	1.30009238E+2	1.44740456E+2
9.65675000E+3	7.96814739E+1	-4.91992000E+5	-4.61844000E+5	1.55000000E+2	5.89000000E+3	4.00490000E+1	4.00460000E+1	3.87054887E+0	1.32238008E+2	1.47069839E+2
9.65700000E+3	7.96736106E+1	-4.92648000E+5	-4.62504000E+5	1.22000000E+2	5.96500000E+3	4.00500000E+1	4.00470000E+1	3.04642046E+0	1.33058677E+2	1.48938826E+2
9.65725000E+3	7.96657535E+1	-4.93305000E+5	-4.63164000E+5	1.56000000E+2	5.92800000E+3	4.00510000E+1	4.00470000E+1	3.89542288E+0	1.32605927E+2	1.48011286E+2
9.65750000E+3	7.96579024E+1	-4.93960000E+5	-4.63822000E+5	1.25000000E+2	5.82200000E+3	4.00510000E+1	4.00470000E+1	3.12133243E+0	1.30383761E+2	1.45364660E+2
9.65775000E+3	7.96500575E+1	-4.94615000E+5	-4.64481000E+5	1.52000000E+2	5.72600000E+3	4.00500000E+1	4.00470000E+1	3.79554024E+0	1.28539326E+2	1.42971286E+2
9.65800000E+3	7.96422186E+1	-4.95270000E+5	-4.65139000E+5	1.64000000E+2	5.85500000E+3	4.00500000E+1	4.00470000E+1	4.09518815E+0	1.30811486E+2	1.46192260E+2
9.65825000E+3	7.96343858E+1	-4.95924000E+5	-4.65796000E+5	1.62000000E+2	6.02100000E+3	4.00500000E+1	4.00470000E+1	4.04524683E+0	1.34956305E+2	1.50337079E+2
9.65850000E+3	7.96265590E+1	-4.96577000E+5	-4.66452000E+5	1.83000000E+2	5.84700000E+3	4.00510000E+1	4.00480000E+1	4.56951658E+0	1.31307583E+2	1.45988864E+2
9.65875000E+3	7.96187383E+1	-4.97230000E+5	-4.67108000E+5	1.72000000E+2	5.95800000E+3	4.00510000E+1	4.00470000E+1	4.29495343E+0	1.33454845E+2	1.48760331E+2
9.65900000E+3	7.96109236E+1	-4.97882000E+5	-4.67764000E+5	1.79000000E+2	5.78800000E+3	4.00500000E+1	4.00470000E+1	4.46974805E+0	1.29887640E+2	1.44519351E+2
9.65925000E+3	7.96031149E+1	-4.98534000E+5	-4.68418000E+5	2.02000000E+2	5.70200000E+3	4.00500000E+1	4.00470000E+1	5.04407321E+0	1.28114856E+2	1.42372035E+2
9.65950000E+3	7.95953123E+1	-4.99185000E+5	-4.69073000E+5	2.08000000E+2	5.92200000E+3	4.00500000E+1	4.00460000E+1	5.19402687E+0	1.32684145E+2	1.47865169E+2
9.65975000E+3	7.95875156E+1	-4.99836000E+5	-4.69726000E+5	2.06000000E+2	5.79600000E+3	4.00520000E+1	4.00480000E+1	5.14382741E+0	1.30080895E+2	1.44711875E+2
9.66000000E+3	7.95797249E+1	-5.00486000E+5	-4.70380000E+5	2.16000000E+2	5.68000000E+3	4.00500000E+1	4.00460000E+1	5.39379713E+0	1.28514357E+2	1.41822722E+2
9.66025000E+3	7.95719401E+1	-5.01135000E+5	-4.71032000E+5	2.21000000E+2	5.82500000E+3	4.00510000E+1	4.00480000E+1	5.51837795E+0	1.29959302E+2	1.45439565E+2
9.66050000E+3	7.95641613E+1	-5.01784000E+5	-4.71684000E+5	2.63000000E+2	5.79000000E+3	4.00500000E+1	4.00470000E+1	6.56728344E+0	1.31161049E+2	1.44569288E+2
9.66075000E+3	7.95563884E+1	-5.02432000E+5	-4.72336000E+5	2.50000000E+2	5.82700000E+3	4.00500000E+1	4.00460000E+1	6.24282076E+0	1.30836454E+2	1.45493134E+2
9.66100000E+3	7.95486215E+1	-5.03080000E+5	-4.72986000E+5	2.60000000E+2	5.81200000E+3	4.00510000E+1	4.00480000E+1	6.49220935E+0	1.30883124E+2	1.45114978E+2
9.66125000E+3	7.95408605E+1	-5.03727000E+5	-4.73637000E+5	2.64000000E+2	5.75600000E+3	4.00500000E+1	4.00460000E+1	6.59241872E+0	1.29488140E+2	1.43720350E+2
9.66150000E+3	7.95331054E+1	-5.04374000E+5	-4.74287000E+5	2.81000000E+2	5.89100000E+3	4.00510000E+1	4.00470000E+1	7.01675531E+0	1.33130259E+2	1.47087463E+2
9.66175000E+3	7.95253561E+1	-5.05020000E+5	-4.74936000E+5	3.09000000E+2	5.73900000E+3	4.00500000E+1	4.00470000E+1	7.71593378E+0	1.28589263E+2	1.43295880E+2
9.66200000E+3	7.95176127E+1	-5.05665000E+5	-4.75584000E+5	2.69000000E+2	5.85300000E+3	4.00500000E+1	4.00470000E+1	6.71710740E+0	1.31610487E+2	1.46142322E+2
9.66225000E+3	7.95098752E+1	-5.06310000E+5	-4.76232000E+5	2.89000000E+2	5.74500000E+3	4.00510000E+1	4.00470000E+1	7.21652059E+0	1.28960575E+2	1.43442111E+2
9.66250000E+3	7.95021436E+1	-5.06954000E+5	-4.76880000E+5	3.02000000E+2	5.91300000E+3	4.00520000E+1	4.00490000E+1	7.54076257E+0	1.32128233E+2	1.47633077E+2
9.66275000E+3	7.94944177E+1	-5.07598000E+5	-4.77527000E+5	2.89000000E+2	5.75400000E+3	4.00500000E+1	4.00470000E+1	7.21652059E+0	1.29513109E+2	1.43670412E+2
9.66300000E+3	7.94866977E+1	-5.08241000E+5	-4.78173000E+5	3.11000000E+2	5.71800000E+3	4.00500000E+1	4.00470000E+1	7.76587510E+0	1.27740325E+2	1.42771536E+2
9.66325000E+3	7.94789835E+1	-5.08884000E+5	-4.78819000E+5	3.08000000E+2	5.76400000E+3	4.00510000E+1	4.00480000E+1	7.69077107E+0	1.29909366E+2	1.43916506E+2
9.66350000E+3	7.94712751E+1	-5.09526000E+5	-4.79464000E+5	2.89000000E+2	5.82000000E+3	4.00500000E+1	4.00460000E+1	7.21670079E+0	1.30486891E+2	1.45318352E+2
9.66375000E+3	7.94635725E+1	-5.10168000E+5	-4.80109000E+5	2.78000000E+2	5.83800000E+3	4.00510000E+1	4.00470000E+1	6.94184333E+0	1.32106564E+2	1.45764151E+2
9.66400000E+3	7.94558757E+1	-5.10809000E+5	-4.80753000E+5	2.88000000E+2	5.74800000E+3	4.00500000E+1	4.00470000E+1	7.19154993E+0	1.28664170E+2	1.43520599E+2
9.66425000E+3	7.94481846E+1	-5.11449000E+5	-4.81397000E+5	2.67000000E+2	5.76200000E+3	4.00500000E+1	4.00470000E+1	6.66716608E+0	1.29363296E+2	1.43870162E+2
9.66450000E+3	7.94404993E+1	-5.12089000E+5	-4.82040000E+5	2.74000000E+2	5.69900000E+3	4.00500000E+1	4.00470000E+1	6.84196070E+0	1.29563046E+2	1.42297129E+2
9.66475000E+3	7.94328197E+1	-5.12728000E+5	-4.82683000E+5	2.87000000E+2	5.72600000E+3	4.00510000E+1	4.00470000E+1	7.16657927E+0	1.28935607E+2	1.42967716E+2
9.66500000E+3	7.94251458E+1	-5.13367000E+5	-4.83325000E+5	2.80000000E+2	5.66500000E+3	4.00510000E+1	4.00470000E+1	6.99178465E+0	1.28436244E+2	1.41444658E+2
9.66525000E+3	7.94174777E+1	-5.14006000E+5	-4.83966000E+5	2.62000000E+2	5.75700000E+3	4.00500000E+1	4.00460000E+1	6.54247615E+0	1.30237203E+2	1.43745318E+2
9.66550000E+3	7.94098152E+1	-5.14643000E+5	-4.84607000E+5	2.51000000E+2	5.63800000E+3	4.00510000E+1	4.00470000E+1	6.26763553E+0	1.27387581E+2	1.40770518E+2
9.66575000E+3	7.94021585E+1	-5.15281000E+5	-4.85247000E+5	2.10000000E+2	5.53200000E+3	4.00500000E+1	4.00460000E+1	5.24396944E+0	1.26217228E+2	1.38127341E+2
9.66600000E+3	7.93945074E+1	-5.15917000E+5	-4.85887000E+5	2.46000000E+2	5.70900000E+3	4.00500000E+1	4.00470000E+1	6.14278223E+0	1.27390762E+2	1.42546816E+2
9.66625000E+3	7.93868620E+1	-5.16553000E+5	-4.86527000E+5	2.19000000E+2	5.57400000E+3	4.00510000E+1	4.00480000E+1	5.46843787E+0	1.25090510E+2	1.39172555E+2
9.66650000E+3	7.93792222E+1	-5.17189000E+5	-4.87165000E+5	2.34000000E+2	5.54600000E+3	4.00500000E+1	4.00470000E+1	5.84313432E+0	1.24269663E+2	1.38476904E+2
9.66675000E+3	7.93715881E+1	-5.17824000E+5	-4.87804000E+5	2.22000000E+2	5.40800000E+3	4.00500000E+1	4.00470000E+1	5.54348640E+0	1.21772784E+2	1.35031211E+2
9.66700000E+3	7.93639596E+1	-5.18459000E+5	-4.88441000E+5	2.02000000E+2	5.52600000E+3	4.00500000E+1	4.00460000E+1	5.04419917E+0	1.23970037E+2	1.37977528E+2
9.66725000E+3	7.93563367E+1	-5.19093000E+5	-4.89078000E+5	1.99000000E+2	5.53000000E+3	4.00510000E+1	4.00480000E+1	4.96903716E+0	1.24591146E+2	1.38073956E+2
9.66750000E+3	7.93487194E+1	-5.19726000E+5	-4.89715000E+5	1.64000000E+2	5.49800000E+3	4.00490000E+1	4.00460000E+1	4.09529042E+0	1.23273989E+2	1.37281830E+2
9.66775000E+3	7.93411078E+1	-5.20359000E+5	-4.90351000E+5	1.77000000E+2	5.51900000E+3	4.00510000E+1	4.00480000E+1	4.41969636E+0	1.25240319E+2	1.37799306E+2
9.66800000E+3	7.93335017E+1	-5.20991000E+5	-4.90987000E+5	1.51000000E+2	5.35800000E+3	4.00480000E+1	4.00450000E+1	3.77075790E+0	1.20230723E+2	1.33789453E+2
9.66825000E+3	7.93259011E+1	-5.21623000E+5	-4.91622000E+5	1.67000000E+2	5.43600000E+3	4.00500000E+1	4.00470000E+1	4.17010013E+0	1.22022472E+2	1.35730337E+2
9.66850000E+3	7.93183062E+1	-5.22254000E+5	-4.92256000E+5	1.54000000E+2	5.41200000E+3	4.00510000E+1	4.00470000E+1	3.84548156E+0	1.21594966E+2	1.35127712E+2
9.66875000E+3	7.93107168E+1	-5.22885000E+5	-4.92890000E+5	1.21000000E+2	5.35200000E+3	4.00500000E+1	4.00470000E+1	3.02144980E+0	1.19725343E+2	1.33632959E+2
9.66900000E+3	7.93031329E+1	-5.23515000E+5	-4.93524000E+5	1.56000000E+2	5.34100000E+3	4.00500000E+1	4.00470000E+1	3.89542288E+0	1.18951311E+2	1.33358302E+2
9.66925000E+3	7.92955545E+1	-5.24145000E+5	-4.94156000E+5	1.68000000E+2	5.42500000E+3	4.00500000E+1	4.00470000E+1	4.19507079E+0	1.21248439E+2	1.35455680E+2
9.66950000E+3	7.92879817E+1	-5.24774000E+5	-4.94789000E+5	1.30000000E+2	5.35100000E+3	4.00510000E+1	4.00470000E+1	3.24618573E+0	1.19822227E+2	1.33604654E+2
9.66975000E+3	7.92804143E+1	-5.25403000E+5	-4.95421000E+5	1.38000000E+2	5.44900000E+3	4.00510000E+1	4.00480000E+1	3.44586496E+0	1.22344011E+2	1.36051534E+2
9.67000000E+3	7.92728525E+1	-5.26031000E+5	-4.96052000E+5	1.49000000E+2	5.33300000E+3	4.00500000E+1	4.00470000E+1	3.72062826E+0	1.19625468E+2	1.33158552E+2
9.67025000E+3	7.92652961E+1	-5.26659000E+5	-4.96683000E+5	1.59000000E+2	5.45600000E+3	4.00500000E+1	4.00470000E+1	3.97033486E+0	1.21872659E+2	1.36229713E+2
9.67050000E+3	7.92577452E+1	-5.27286000E+5	-4.97313000E+5	1.28000000E+2	5.19800000E+3	4.00500000E+1	4.00470000E+1	3.19624441E+0	1.17328340E+2	1.29787765E+2
9.67075000E+3	7.92501998E+1	-5.27913000E+5	-4.97943000E+5	1.24000000E+2	5.34300000E+3	4.00500000E+1	4.00470000E+1	3.09636177E+0	1.19126092E+2	1.33408240E+2
9.67100000E+3	7.92426598E+1	-5.28539000E+5	-4.98572000E+5	1.38000000E+2	5.32000000E+3	4.00510000E+1	4.00480000E+1	3.44586496E+0	1.18823500E+2	1.32830641E+2
9.67125000E+3	7.92351252E+1	-5.29164000E+5	-4.99201000E+5	1.20000000E+2	5.36000000E+3	4.00500000E+1	4.00470000E+1	2.99647914E+0	1.19950062E+2	1.33832709E+2
9.67150000E+3	7.92275961E+1	-5.29789000E+5	-4.99829000E+5	1.13000000E+2	5.31400000E+3	4.00500000E+1	4.00470000E+1	2.82168452E+0	1.18551810E+2	1.32684145E+2
9.67175000E+3	7.92200724E+1	-5.30414000E+5	-5.00457000E+5	1.27000000E+2	5.26300000E+3	4.00510000E+1	4.00480000E+1	3.17119457E+0	1.17799805E+2	1.31407455E+2
9.67200000E+3	7.92125541E+1	-5.31038000E+5	-5.01084000E+5	1.10000000E+2	5.32800000E+3	4.00500000E+1	4.00460000E+1	2.74684113E+0	1.18851436E+2	1.33033708E+2
9.67225000E+3	7.92050411E+1	-5.31661000E+5	-5.01711000E+5	1.29000000E+2	5.22000000E+3	4.00510000E+1	4.00480000E+1	3.22113464E+0	1.17674964E+2	1.30333824E+2
9.67250000E+3	7.91975336E+1	-5.32284000E+5	-5.02337000E+5	1.14000000E+2	5.34200000E+3	4.00510000E+1	4.00480000E+1	2.84658410E+0	1.18748596E+2	1.33379941E+2
9.67275000E+3	7.91900314E+1	-5.32907000E+5	-5.02962000E+5	1.22000000E+2	5.19900000E+3	4.00500000E+1	4.00470000E+1	3.04642046E+0	1.16679151E+2	1.29812734E+2
9.67300000E+3	7.91825346E+1	-5.33529000E+5	-5.03587000E+5	1.36000000E+2	5.25100000E+3	4.00510000E+1	4.00480000E+1	3.39592489E+0	1.17899678E+2	1.31107838E+2
9.67325000E+3	7.91750431E+1	-5.34150000E+5	-5.04212000E+5	1.33000000E+2	5.22600000E+3	4.00500000E+1	4.00470000E+1	3.32109771E+0	1.16629213E+2	1.30486891E+2
9.67350000E+3	7.91675570E+1	-5.34771000E+5	-5.04836000E+5	1.22000000E+2	5.28100000E+3	4.00510000E+1	4.00480000E+1	3.04634439E+0	1.18024519E+2	1.31856882E+2
9.67375000E+3	7.91600762E+1	-5.35392000E+5	-5.05460000E+5	1.17000000E+2	5.18400000E+3	4.00500000E+1	4.00470000E+1	2.92156716E+0	1.16354557E+2	1.29438202E+2
9.67400000E+3	7.91526007E+1	-5.36011000E+5	-5.06083000E+5	1.00000000E+2	5.13700000E+3	4.00510000E+1	4.00480000E+1	2.49700360E+0	1.13954708E+2	1.28261467E+2
9.67425000E+3	7.91451305E+1	-5.36631000E+5	-5.06705000E+5	1.17000000E+2	5.27100000E+3	4.00510000E+1	4.00480000E+1	2.92149421E+0	1.17749869E+2	1.31607201E+2
9.67450000E+3	7.91376656E+1	-5.37250000E+5	-5.07327000E+5	1.04000000E+2	5.07600000E+3	4.00490000E+1	4.00460000E+1	2.59701343E+0	1.13710704E+2	1.26744738E+2
9.67475000E+3	7.91302060E+1	-5.37868000E+5	-5.07949000E+5	1.10000000E+2	5.18500000E+3	4.00500000E+1	4.00470000E+1	2.74677254E+0	1.14581773E+2	1.29463171E+2
9.67500000E+3	7.91227517E+1	-5.38486000E+5	-5.08570000E+5	1.04000000E+2	5.12300000E+3	4.00500000E+1	4.00470000E+1	2.59694859E+0	1.14606742E+2	1.27915106E+2
9.67525000E+3	7.91153026E+1	-5.39103000E+5	-5.09191000E+5	9.90000000E+1	5.02500000E+3	4.00500000E+1	4.00470000E+1	2.47209529E+0	1.12484395E+2	1.25468165E+2
9.67550000E+3	7.91078588E+1	-5.39720000E+5	-5.09811000E+5	9.20000000E+1	5.05800000E+3	4.00510000E+1	4.00480000E+1	2.29724331E+0	1.12481586E+2	1.26288982E+2
9.67575000E+3	7.91004202E+1	-5.40337000E+5	-5.10430000E+5	1.05000000E+2	5.24900000E+3	4.00510000E+1	4.00480000E+1	2.62185378E+0	1.16401588E+2	1.31057901E+2
9.67600000E+3	7.90929869E+1	-5.40953000E+5	-5.11049000E+5	9.70000000E+1	5.14500000E+3	4.00500000E+1	4.00470000E+1	2.42215397E+0	1.15355805E+2	1.28464419E+2
9.67625000E+3	7.90855588E+1	-5.41568000E+5	-5.11668000E+5	8.30000000E+1	4.99900000E+3	4.00510000E+1	4.00490000E+1	2.07246123E+0	1.11782477E+2	1.24815860E+2
9.67650000E+3	7.90781359E+1	-5.42183000E+5	-5.12286000E+5	9.80000000E+1	5.16900000E+3	4.00490000E+1	4.00470000E+1	2.44712463E+0	1.14509726E+2	1.29066893E+2
9.67675000E+3	7.90707181E+1	-5.42797000E+5	-5.12903000E+5	9.00000000E+1	5.09300000E+3	4.00500000E+1	4.00470000E+1	2.24735935E+0	1.14357054E+2	1.27166042E+2
9.67700000E+3	7.90633056E+1	-5.43411000E+5	-5.13521000E+5	8.80000000E+1	5.06900000E+3	4.00500000E+1	4.00470000E+1	2.19741803E+0	1.12808989E+2	1.26566792E+2
9.67725000E+3	7.90558983E+1	-5.44025000E+5	-5.14137000E+5	8.30000000E+1	5.03700000E+3	4.00520000E+1	4.00490000E+1	2.07246123E+0	1.12129232E+2	1.25761510E+2
9.67750000E+3	7.90484961E+1	-5.44638000E+5	-5.14753000E+5	7.30000000E+1	5.02200000E+3	4.00500000E+1	4.00470000E+1	1.82285814E+0	1.11810237E+2	1.25393258E+2
9.67775000E+3	7.90410991E+1	-5.45250000E+5	-5.15369000E+5	9.00000000E+1	5.03400000E+3	4.00500000E+1	4.00470000E+1	2.24735935E+0	1.11235955E+2	1.25692884E+2
9.67800000E+3	7.90337072E+1	-5.45862000E+5	-5.15984000E+5	9.30000000E+1	5.05100000E+3	4.00500000E+1	4.00470000E+1	2.32227133E+0	1.13283396E+2	1.26117353E+2
9.67825000E+3	7.90263205E+1	-5.46473000E+5	-5.16598000E+5	7.70000000E+1	4.98800000E+3	4.00500000E+1	4.00470000E+1	1.92274078E+0	1.12709114E+2	1.24544320E+2
9.67850000E+3	7.90189389E+1	-5.47084000E+5	-5.17213000E+5	9.00000000E+1	5.00200000E+3	4.00510000E+1	4.00480000E+1	2.24730324E+0	1.11308082E+2	1.24890764E+2
9.67875000E+3	7.90115625E+1	-5.47695000E+5	-5.17826000E+5	9.10000000E+1	5.10000000E+3	4.00500000E+1	4.00470000E+1	2.27233001E+0	1.12734082E+2	1.27340824E+2
9.67900000E+3	7.90041911E+1	-5.48305000E+5	-5.18439000E+5	8.20000000E+1	5.07100000E+3	4.00510000E+1	4.00480000E+1	2.04754295E+0	1.13405408E+2	1.26613568E+2
9.67925000E+3	7.89968248E+1	-5.48914000E+5	-5.19052000E+5	8.30000000E+1	5.02800000E+3	4.00500000E+1	4.00470000E+1	2.07256474E+0	1.12434457E+2	1.25543071E+2
9.67950000E+3	7.89894637E+1	-5.49523000E+5	-5.19664000E+5	6.40000000E+1	4.96800000E+3	4.00510000E+1	4.00480000E+1	1.59808230E+0	1.10783751E+2	1.24041847E+2
9.67975000E+3	7.89821076E+1	-5.50132000E+5	-5.20276000E+5	7.80000000E+1	4.87600000E+3	4.00510000E+1	4.00480000E+1	1.94766280E+0	1.09011011E+2	1.21744775E+2
9.68000000E+3	7.89747565E+1	-5.50740000E+5	-5.20887000E+5	6.00000000E+0	5.12000000E+2	4.05000000E+0	4.05000000E+0	1.48148148E+0	1.12839506E+2	1.26419753E+2
9.68025000E+3	7.89674106E+1	-5.51347000E+5	-5.21498000E+5	1.10000000E+1	5.35000000E+2	4.04900000E+0	4.04900000E+0	2.71672018E+0	1.19535688E+2	1.32131390E+2
9.68050000E+3	7.89600697E+1	-5.51954000E+5	-5.22108000E+5	1.00000000E+1	4.79000000E+2	4.05000000E+0	4.05000000E+0	2.46913580E+0	1.05925926E+2	1.18271605E+2
9.68075000E+3	7.89527338E+1	-5.52561000E+5	-5.22718000E+5	9.00000000E+0	5.10000000E+2	4.04900000E+0	4.04900000E+0	2.22277105E+0	1.13855273E+2	1.25957026E+2
9.68100000E+3	7.89454030E+1	-5.53167000E+5	-5.23327000E+5	5.00000000E+0	4.92000000E+2	4.05100000E+0	4.05100000E+0	1.23426314E+0	1.05899778E+2	1.21451493E+2
9.68125000E+3	7.89380771E+1	-5.53773000E+5	-5.23936000E+5	9.00000000E+0	4.88000000E+2	4.05000000E+0	4.05100000E+0	2.22167366E+0	1.08148148E+2	1.20493827E+2
9.68150000E+3	7.89307563E+1	-5.54378000E+5	-5.24544000E+5	5.00000000E+0	5.18000000E+2	4.05000000E+0	4.05000000E+0	1.23456790E+0	1.12098765E+2	1.27901235E+2
9.68175000E+3	7.89234405E+1	-5.54982000E+5	-5.25152000E+5	9.00000000E+0	4.69000000E+2	4.04900000E+0	4.05000000E+0	2.22222222E+0	1.02000494E+2	1.15831069E+2
9.68200000E+3	7.89161297E+1	-5.55587000E+5	-5.25759000E+5	9.00000000E+0	4.98000000E+2	4.05000000E+0	4.05000000E+0	2.22222222E+0	1.09876543E+2	1.22962963E+2
9.68225000E+3	7.89088239E+1	-5.56190000E+5	-5.26366000E+5	5.00000000E+0	4.79000000E+2	4.05000000E+0	4.05000000E+0	1.23456790E+0	1.07160494E+2	1.18271605E+2
9.68250000E+3	7.89015230E+1	-5.56794000E+5	-5.26972000E+5	8.00000000E+0	5.27000000E+2	4.05000000E+0	4.05000000E+0	1.97530864E+0	1.18024691E+2	1.30123457E+2
9.68275000E+3	7.88942271E+1	-5.57396000E+5	-5.27578000E+5	1.20000000E+1	4.92000000E+2	4.04900000E+0	4.05000000E+0	2.96296296E+0	1.07433934E+2	1.21511484E+2
9.68300000E+3	7.88869362E+1	-5.57999000E+5	-5.28184000E+5	6.00000000E+0	5.12000000E+2	4.04900000E+0	4.05000000E+0	1.48148148E+0	1.12867375E+2	1.26450976E+2
9.68325000E+3	7.88796502E+1	-5.58600000E+5	-5.28789000E+5	9.00000000E+0	5.07000000E+2	4.04900000E+0	4.04900000E+0	2.22277105E+0	1.10397629E+2	1.25216103E+2
9.68350000E+3	7.88723691E+1	-5.59202000E+5	-5.29393000E+5	7.00000000E+0	4.99000000E+2	4.05000000E+0	4.05000000E+0	1.72839506E+0	1.09382716E+2	1.23209877E+2
9.68375000E+3	7.88650930E+1	-5.59803000E+5	-5.29997000E+5	6.00000000E+0	4.76000000E+2	4.05000000E+0	4.05000000E+0	1.48148148E+0	1.04691358E+2	1.17530864E+2
9.68400000E+3	7.88578217E+1	-5.60403000E+5	-5.30601000E+5	4.00000000E+0	5.04000000E+2	4.05000000E+0	4.05000000E+0	9.87654321E-1	1.13333333E+2	1.24444444E+2
9.68425000E+3	7.88505554E+1	-5.61003000E+5	-5.31204000E+5	8.00000000E+0	4.89000000E+2	4.05000000E+0	4.05000000E+0	1.97530864E+0	1.08888889E+2	1.20740741E+2
9.68450000E+3	7.88432940E+1	-5.61602000E+5	-5.31806000E+5	7.00000000E+0	5.36000000E+2	4.05000000E+0	4.05000000E+0	1.72839506E+0	1.20740741E+2	1.32345679E+2
9.68475000E+3	7.88360375E+1	-5.62201000E+5	-5.32408000E+5	1.20000000E+1	4.88000000E+2	4.05200000E+0	4.05200000E+0	2.96150049E+0	1.07847976E+2	1.20434353E+2
9.68500000E+3	7.88287858E+1	-5.62800000E+5	-5.33010000E+5	4.00000000E+0	4.92000000E+2	4.04900000E+0	4.04900000E+0	9.87898246E-1	1.10644604E+2	1.21511484E+2
9.68525000E+3	7.88215391E+1	-5.63398000E+5	-5.33611000E+5	1.20000000E+1	4.68000000E+2	4.05000000E+0	4.05000000E+0	2.96296296E+0	1.04197531E+2	1.15555556E+2
9.68550000E+3	7.88142971E+1	-5.63995000E+5	-5.34212000E+5	6.00000000E+0	4.82000000E+2	4.05000000E+0	4.05000000E+0	1.48148148E+0	1.09629630E+2	1.19012346E+2
9.68575000E+3	7.88070601E+1	-5.64593000E+5	-5.34812000E+5	4.00000000E+0	4.85000000E+2	4.05100000E+0	4.05100000E+0	9.87410516E-1	1.07874599E+2	1.19723525E+2
9.68600000E+3	7.87998278E+1	-5.65189000E+5	-5.35412000E+5	1.00000000E+1	5.22000000E+2	4.04900000E+0	4.04900000E+0	2.46974562E+0	1.12867375E+2	1.28920721E+2
9.68625000E+3	7.87926004E+1	-5.65785000E+5	-5.36011000E+5	6.00000000E+0	4.96000000E+2	4.05000000E+0	4.05000000E+0	1.48148148E+0	1.11604938E+2	1.22469136E+2
9.68650000E+3	7.87853779E+1	-5.66381000E+5	-5.36610000E+5	5.00000000E+0	4.71000000E+2	4.04900000E+0	4.04900000E+0	1.23487281E+0	1.04223265E+2	1.16325019E+2
9.68675000E+3	7.87781601E+1	-5.66976000E+5	-5.37209000E+5	9.00000000E+0	4.94000000E+2	4.04900000E+0	4.05000000E+0	2.22222222E+0	1.08421833E+2	1.22005433E+2
9.68700000E+3	7.87709472E+1	-5.67571000E+5	-5.37807000E+5	8.00000000E+0	5.15000000E+2	4.05000000E+0	4.05000000E+0	1.97530864E+0	1.10864198E+2	1.27160494E+2
9.68725000E+3	7.87637390E+1	-5.68166000E+5	-5.38404000E+5	9.00000000E+0	4.42000000E+2	4.05100000E+0	4.05100000E+0	2.22167366E+0	9.52851148E+1	1.09108862E+2
9.68750000E+3	7.87565357E+1	-5.68759000E+5	-5.39001000E+5	2.00000000E+0	5.03000000E+2	4.05000000E+0	4.05000000E+0	4.93827160E-1	1.11358025E+2	1.24197531E+2
9.68775000E+3	7.87493371E+1	-5.69353000E+5	-5.39598000E+5	7.00000000E+0	4.65000000E+2	4.05200000E+0	4.05200000E+0	1.72754195E+0	1.01924975E+2	1.14758144E+2
9.68800000E+3	7.87421433E+1	-5.69946000E+5	-5.40194000E+5	4.00000000E+0	5.03000000E+2	4.05100000E+0	4.05100000E+0	9.87410516E-1	1.09849420E+2	1.24166872E+2
9.68825000E+3	7.87349542E+1	-5.70538000E+5	-5.40790000E+5	7.00000000E+0	4.82000000E+2	4.05000000E+0	4.05000000E+0	1.72839506E+0	1.05925926E+2	1.19012346E+2
9.68850000E+3	7.87277699E+1	-5.71130000E+5	-5.41385000E+5	1.40000000E+1	4.97000000E+2	4.04900000E+0	4.04900000E+0	3.45764386E+0	1.10891578E+2	1.22746357E+2
9.68875000E+3	7.87205904E+1	-5.71722000E+5	-5.41980000E+5	4.00000000E+0	4.63000000E+2	4.05000000E+0	4.05000000E+0	9.87654321E-1	9.95061728E+1	1.14320988E+2
9.68900000E+3	7.87134155E+1	-5.72313000E+5	-5.42574000E+5	7.00000000E+0	4.91000000E+2	4.04900000E+0	4.04900000E+0	1.72882193E+0	1.05705112E+2	1.21264510E+2
9.68925000E+3	7.87062455E+1	-5.72904000E+5	-5.43168000E+5	4.00000000E+0	4.59000000E+2	4.05000000E+0	4.05000000E+0	9.87654321E-1	9.95061728E+1	1.13333333E+2
9.68950000E+3	7.86990801E+1	-5.73494000E+5	-5.43761000E+5	1.00000000E+1	5.08000000E+2	4.05200000E+0	4.05200000E+0	2.46791708E+0	1.13030602E+2	1.25370188E+2
9.68975000E+3	7.86919194E+1	-5.74084000E+5	-5.44354000E+5	6.00000000E+0	4.77000000E+2	4.05100000E+0	4.05100000E+0	1.48111577E+0	1.03431252E+2	1.17748704E+2
9.69000000E+3	7.86847634E+1	-5.74673000E+5	-5.44947000E+5	1.10000000E+1	4.64000000E+2	4.04900000E+0	4.04900000E+0	2.71672018E+0	9.90367992E+1	1.14596197E+2
9.69025000E+3	7.86776122E+1	-5.75262000E+5	-5.45539000E+5	5.00000000E+0	4.75000000E+2	4.05100000E+0	4.05100000E+0	1.23426314E+0	1.05406073E+2	1.17254999E+2
9.69050000E+3	7.86704656E+1	-5.75851000E+5	-5.46130000E+5	9.00000000E+0	4.95000000E+2	4.04900000E+0	4.04900000E+0	2.22277105E+0	1.10397629E+2	1.22252408E+2
9.69075000E+3	7.86633237E+1	-5.76439000E+5	-5.46721000E+5	6.00000000E+0	4.45000000E+2	4.05000000E+0	4.05000000E+0	1.48148148E+0	1.00987654E+2	1.09876543E+2
9.69100000E+3	7.86561864E+1	-5.77026000E+5	-5.47312000E+5	3.00000000E+0	4.58000000E+2	4.05000000E+0	4.05000000E+0	7.40740741E-1	1.01481481E+2	1.13086420E+2
9.69125000E+3	7.86490538E+1	-5.77613000E+5	-5.47902000E+5	9.00000000E+0	4.54000000E+2	4.04900000E+0	4.04900000E+0	2.22277105E+0	9.80489010E+1	1.12126451E+2
9.69150000E+3	7.86419259E+1	-5.78200000E+5	-5.48492000E+5	7.00000000E+0	4.51000000E+2	4.04900000E+0	4.04900000E+0	1.72882193E+0	9.87898246E+1	1.11385527E+2
9.69175000E+3	7.86348026E+1	-5.78786000E+5	-5.49082000E+5	5.00000000E+0	4.64000000E+2	4.04900000E+0	4.04900000E+0	1.23487281E+0	1.00024697E+2	1.14596197E+2
9.69200000E+3	7.86276839E+1	-5.79372000E+5	-5.49670000E+5	6.00000000E+0	4.36000000E+2	4.04900000E+0	4.04900000E+0	1.48184737E+0	9.73079773E+1	1.07680909E+2
9.69225000E+3	7.86205698E+1	-5.79957000E+5	-5.50259000E+5	6.00000000E+0	4.44000000E+2	4.05100000E+0	4.05100000E+0	1.48111577E+0	9.67662306E+1	1.09602567E+2
9.69250000E+3	7.86134604E+1	-5.80542000E+5	-5.50847000E+5	1.10000000E+1	4.51000000E+2	4.04900000E+0	4.05000000E+0	2.71604938E+0	9.97777229E+1	1.11385527E+2
9.69275000E+3	7.86063556E+1	-5.81127000E+5	-5.51435000E+5	7.00000000E+0	4.65000000E+2	4.04900000E+0	4.04900000E+0	1.72882193E+0	1.04717214E+2	1.14843171E+2
9.69300000E+3	7.85992553E+1	-5.81711000E+5	-5.52022000E+5	9.00000000E+0	4.64000000E+2	4.05000000E+0	4.05000000E+0	2.22222222E+0	1.00987654E+2	1.14567901E+2
9.69325000E+3	7.85921597E+1	-5.82294000E+5	-5.52608000E+5	6.00000000E+0	4.46000000E+2	4.04900000E+0	4.04900000E+0	1.48184737E+0	9.75549518E+1	1.10150654E+2
9.69350000E+3	7.85850686E+1	-5.82877000E+5	-5.53195000E+5	5.00000000E+0	4.56000000E+2	4.05000000E+0	4.05000000E+0	1.23456790E+0	9.90123457E+1	1.12592593E+2
9.69375000E+3	7.85779821E+1	-5.83460000E+5	-5.53780000E+5	8.00000000E+0	4.81000000E+2	4.04900000E+0	4.05000000E+0	1.97530864E+0	1.04223265E+2	1.18794764E+2
9.69400000E+3	7.85709002E+1	-5.84042000E+5	-5.54366000E+5	4.00000000E+0	4.44000000E+2	4.05000000E+0	4.05000000E+0	9.87654321E-1	9.65432099E+1	1.09629630E+2
9.69425000E+3	7.85638228E+1	-5.84624000E+5	-5.54951000E+5	7.00000000E+0	4.68000000E+2	4.05000000E+0	4.05000000E+0	1.72839506E+0	1.04197531E+2	1.15555556E+2
9.69450000E+3	7.85567500E+1	-5.85205000E+5	-5.55535000E+5	6.00000000E+0	4.51000000E+2	4.05000000E+0	4.05000000E+0	1.48148148E+0	9.90123457E+1	1.11358025E+2
9.69475000E+3	7.85496817E+1	-5.85786000E+5	-5.56119000E+5	7.00000000E+0	4.36000000E+2	4.05000000E+0	4.05000000E+0	1.72839506E+0	9.67901235E+1	1.07654321E+2
9.69500000E+3	7.85426180E+1	-5.86367000E+5	-5.56703000E+5	6.00000000E+0	4.67000000E+2	4.05000000E+0	4.05000000E+0	1.48148148E+0	1.00000000E+2	1.15308642E+2
9.69525000E+3	7.85355588E+1	-5.86947000E+5	-5.57286000E+5	9.00000000E+0	4.63000000E+2	4.05000000E+0	4.05100000E+0	2.22167366E+0	1.01481481E+2	1.14320988E+2
9.69550000E+3	7.85285041E+1	-5.87526000E+5	-5.57869000E+5	9.00000000E+0	4.91000000E+2	4.05000000E+0	4.05000000E+0	2.22222222E+0	1.06172840E+2	1.21234568E+2
9.69575000E+3	7.85214539E+1	-5.88106000E+5	-5.58451000E+5	6.00000000E+0	4.73000000E+2	4.05100000E+0	4.05100000E+0	1.48111577E+0	1.05159220E+2	1.16761294E+2
9.69600000E+3	7.85144082E+1	-5.88684000E+5	-5.59033000E+5	5.00000000E+0	4.55000000E+2	4.05000000E+0	4.05000000E+0	1.23456790E+0	1.02469136E+2	1.12345679E+2
9.69625000E+3	7.85073669E+1	-5.89263000E+5	-5.59615000E+5	6.00000000E+0	4.54000000E+2	4.05100000E+0	4.05100000E+0	1.48111577E+0	9.94816095E+1	1.12071094E+2
9.69650000E+3	7.85003302E+1	-5.89841000E+5	-5.60196000E+5	8.00000000E+0	4.68000000E+2	4.05000000E+0	4.05000000E+0	1.97530864E+0	1.05185185E+2	1.15555556E+2
9.69675000E+3	7.84932980E+1	-5.90418000E+5	-5.60776000E+5	7.00000000E+0	4.99000000E+2	4.05000000E+0	4.05000000E+0	1.72839506E+0	1.08641975E+2	1.23209877E+2
9.69700000E+3	7.84862702E+1	-5.90995000E+5	-5.61357000E+5	1.30000000E+1	4.67000000E+2	4.04900000E+0	4.04900000E+0	3.21066930E+0	1.02000494E+2	1.15337120E+2
9.69725000E+3	7.84792469E+1	-5.91572000E+5	-5.61936000E+5	8.00000000E+0	5.00000000E+2	4.04900000E+0	4.04900000E+0	1.97579649E+0	1.09656705E+2	1.23487281E+2
9.69750000E+3	7.84722280E+1	-5.92148000E+5	-5.62516000E+5	7.00000000E+0	4.89000000E+2	4.05000000E+0	4.05000000E+0	1.72839506E+0	1.06172840E+2	1.20740741E+2
9.69775000E+3	7.84652136E+1	-5.92724000E+5	-5.63095000E+5	7.00000000E+0	4.62000000E+2	4.04900000E+0	4.05000000E+0	1.72839506E+0	1.00024697E+2	1.14102247E+2
9.69800000E+3	7.84582036E+1	-5.93299000E+5	-5.63673000E+5	1.40000000E+1	4.82000000E+2	4.04900000E+0	4.04900000E+0	3.45764386E+0	1.06693011E+2	1.19041739E+2
9.69825000E+3	7.84511980E+1	-5.93874000E+5	-5.64251000E+5	4.00000000E+0	4.81000000E+2	4.04900000E+0	4.04900000E+0	9.87898246E-1	1.07186960E+2	1.18794764E+2
9.69850000E+3	7.84441969E+1	-5.94448000E+5	-5.64829000E+5	1.00000000E+1	4.50000000E+2	4.04800000E+0	4.04800000E+0	2.47035573E+0	9.95553360E+1	1.11166008E+2
9.69875000E+3	7.84372001E+1	-5.95023000E+5	-5.65406000E+5	9.00000000E+0	4.42000000E+2	4.05000000E+0	4.05000000E+0	2.22222222E+0	9.92592593E+1	1.09135802E+2
9.69900000E+3	7.84302078E+1	-5.95596000E+5	-5.65983000E+5	1.10000000E+1	4.74000000E+2	4.05000000E+0	4.05000000E+0	2.71604938E+0	1.04691358E+2	1.17037037E+2
9.69925000E+3	7.84232199E+1	-5.96169000E+5	-5.66559000E+5	1.00000000E+0	4.26000000E+2	4.05000000E+0	4.05000000E+0	2.46913580E-1	8.98765432E+1	1.05185185E+2
9.69950000E+3	7.84162363E+1	-5.96742000E+5	-5.67135000E+5	5.00000000E+0	4.23000000E+2	4.04900000E+0	4.04900000E+0	1.23487281E+0	9.31094097E+1	1.04470240E+2
9.69975000E+3	7.84092572E+1	-5.97315000E+5	-5.67711000E+5	7.00000000E+0	4.50000000E+2	4.05000000E+0	4.05000000E+0	1.72839506E+0	9.53086420E+1	1.11111111E+2
9.70000000E+3	7.84022824E+1	-5.97886000E+5	-5.68286000E+5	7.00000000E+0	4.72000000E+2	4.05000000E+0	4.05100000E+0	1.72796840E+0	1.03950617E+2	1.16543210E+2
